R134a
p [Bar]
v [m^3/kg]
H gas [kJ/kg]
0.200	0.05000000	314.320834
0.200	0.10000000	297.6779403
0.700	0.05000000	311.2241896
0.700	0.10000000	301.9773094
1.200	0.05000000	308.7203503
1.200	0.10000000	330.896251
1.700	0.05000000	316.0216664
1.700	0.10000000	366.9696621
2.200	0.05000000	331.0999312
2.200	0.10000000	410.9728664
2.700	0.05000000	347.7362198
2.700	0.10000000	462.7162744
3.200	0.05000000	366.0942108
3.200	0.10000000	521.4260675
3.700	0.05000000	386.2985397
3.700	0.10000000	586.163394
4.200	0.05000000	408.4140713
4.200	0.10000000	655.9966731
4.700	0.05000000	432.4436168
4.700	0.10000000	730.0266965
5.200	0.05000000	458.3305876
5.200	0.10000000	807.3745918
5.700	0.05000000	485.9807561
5.700	0.10000000	887.1697628
6.200	0.05000000	515.2785986
6.200	0.10000000	968.5432648
6.700	0.05000000	546.1006532
6.700	0.10000000	1050.625103
7.200	0.05000000	578.32329
7.200	0.10000000	1132.542732
7.700	0.05000000	611.826152
7.700	0.10000000	1213.422609
8.200	0.05000000	646.4930248
8.200	0.10000000	1292.388327
8.700	0.05000000	682.2114765
8.700	0.10000000	1368.562512
9.200	0.05000000	718.8720777
9.200	0.10000000	1441.066473
9.700	0.05000000	756.3675888
9.700	0.10000000	1509.020542
10.200	0.05000000	794.5922718
10.200	0.10000000	1571.54426
10.700	0.05000000	833.4413623
10.700	0.10000000	1627.756527
11.200	0.05000000	872.8106886
11.200	0.10000000	1676.775715
11.700	0.05000000	912.5964096
11.700	0.10000000	1717.719758
12.200	0.05000000	952.6948397
12.200	0.10000000	1749.706228
12.700	0.05000000	993.0023379
12.700	0.10000000	1771.852391
13.200	0.05000000	1033.415445
13.200	0.10000000	1783.275252
13.700	0.05000000	1073.829608
13.700	0.10000000	1783.091598
14.200	0.05000000	1114.142253
14.200	0.10000000	1770.418024
14.700	0.05000000	1154.248648
14.700	0.10000000	1744.370962
15.200	0.05000000	1194.045004
15.200	0.10000000	1704.066705
15.700	0.05000000	1233.427231
15.700	0.10000000	1648.621418
16.200	0.05000000	1272.291157
16.200	0.10000000	1577.151162
16.700	0.05000000	1310.532529
16.700	0.10000000	1488.7719
17.200	0.05000000	1348.047023
17.200	0.10000000	1382.599512
17.700	0.05000000	1384.730252
17.700	0.10000000	1257.749805
18.200	0.05000000	1420.477765
18.200	0.10000000	1113.338518
18.700	0.05000000	1455.18506
18.700	0.10000000	948.4813318
19.200	0.05000000	1488.747588
19.200	0.10000000	762.2938745
19.700	0.05000000	1521.060755
19.700	0.10000000	553.8917265
20.200	0.05000000	1552.019926
20.200	0.10000000	322.3904255
20.700	0.05000000	1581.520431
20.700	0.10000000	66.90547083
21.200	0.05000000	1609.457569
21.200	0.10000000	-213.4476731
21.700	0.05000000	1635.726609
21.700	0.10000000	-519.5535737
22.200	0.05000000	1660.22279
22.200	0.10000000	-852.2968268
22.700	0.05000000	1682.841331
22.700	0.10000000	-1212.562055
23.200	0.05000000	1703.477424
23.200	0.10000000	-1601.233904
23.700	0.05000000	1722.026245
23.700	0.10000000	-2019.197042
24.200	0.05000000	1738.382947
24.200	0.10000000	-2467.336158
24.700	0.05000000	1752.442667
24.700	0.10000000	-2946.535958
25.200	0.05000000	1764.100527
25.200	0.10000000	-3457.681166
25.700	0.05000000	1773.251634
25.700	0.10000000	-4001.656521
26.200	0.05000000	1779.791079
26.200	0.10000000	-4579.346776
26.700	0.05000000	1783.613943
26.700	0.10000000	-5191.6367
27.200	0.05000000	1784.615294
27.200	0.10000000	-5839.411072
27.700	0.05000000	1782.69019
27.700	0.10000000	-6523.554682
28.200	0.05000000	1777.733678
28.200	0.10000000	-7244.952333
28.700	0.05000000	1769.640795
28.700	0.10000000	-8004.488835
29.200	0.05000000	1758.306572
29.200	0.10000000	-8803.049011
29.700	0.05000000	1743.626028
29.700	0.10000000	-9641.517689
30.200	0.05000000	1725.494177
30.200	0.10000000	-10520.77971
30.700	0.05000000	1703.806025
30.700	0.10000000	-11441.71991
31.200	0.05000000	1678.456571
31.200	0.10000000	-12405.22315
31.700	0.05000000	1649.340808
31.700	0.10000000	-13412.17428
32.200	0.05000000	1616.353723
32.200	0.10000000	-14463.45818
32.700	0.05000000	1579.390299
32.700	0.10000000	-15559.9597
33.200	0.05000000	1538.345511
33.200	0.10000000	-16702.56373
33.700	0.05000000	1493.114331
33.700	0.10000000	-17892.15515
34.200	0.05000000	1443.591726
34.200	0.10000000	-19129.61885
34.700	0.05000000	1389.672657
34.700	0.10000000	-20415.8397
35.200	0.05000000	1331.252085
35.200	0.10000000	-21751.70262
35.700	0.05000000	1268.224963
35.700	0.10000000	-23138.0925
36.200	0.05000000	1200.486241
36.200	0.10000000	-24575.89423
36.700	0.05000000	1127.930868
36.700	0.10000000	-26065.99274
37.200	0.05000000	1050.453788
37.200	0.10000000	-27609.27291
37.700	0.05000000	967.9499409
37.700	0.10000000	-29206.61968
38.200	0.05000000	880.3142656
38.200	0.10000000	-30858.91796
38.700	0.05000000	787.441697
38.700	0.10000000	-32567.05265
39.200	0.05000000	689.2271679
39.200	0.10000000	-34331.9087
39.700	0.05000000	585.5656082
39.700	0.10000000	-36154.37101
40.200	0.05000000	476.3519457
40.200	0.10000000	-38035.32452
40.700	0.05000000	361.4811058
40.700	0.10000000	-39975.65415
41.200	0.05000000	240.8480117
41.200	0.10000000	-41976.24485
41.700	0.05000000	114.3475847
41.700	0.10000000	-44037.98153
42.200	0.05000000	-18.12525625
42.200	0.10000000	-46161.74914
42.700	0.05000000	-156.6755936
42.700	0.10000000	-48348.43261
43.200	0.05000000	-301.408512
43.200	0.10000000	-50598.91688
43.700	0.05000000	-452.4290975
43.700	0.10000000	-52914.0869
44.200	0.05000000	-609.8424379
44.200	0.10000000	-55294.8276
44.700	0.05000000	-773.7536225
44.700	0.10000000	-57742.02394
45.200	0.05000000	-944.2677424
45.200	0.10000000	-60256.56085
45.700	0.05000000	-1121.48989
45.700	0.10000000	-62839.32329
46.200	0.05000000	-1305.525158
46.200	0.10000000	-65491.19619
46.700	0.05000000	-1496.478642
46.700	0.10000000	-68213.06452
47.200	0.05000000	-1694.455439
47.200	0.10000000	-71005.81323
47.700	0.05000000	-1899.560645
47.700	0.10000000	-73870.32726
48.200	0.05000000	-2111.89936
48.200	0.10000000	-76807.49157
48.700	0.05000000	-2331.576682
48.700	0.10000000	-79818.19111
49.200	0.05000000	-2558.697712
49.200	0.10000000	-82903.31085
49.700	0.05000000	-2793.367553
49.700	0.10000000	-86063.73574
50.200	0.05000000	-3035.691307
50.200	0.10000000	-89300.35073
50.700	0.05000000	-3285.774078
50.700	0.10000000	-92614.04079
51.200	0.05000000	-3543.72097
51.200	0.10000000	-96005.69087
51.700	0.05000000	-3809.637088
51.700	0.10000000	-99476.18594
52.200	0.05000000	-4083.627539
52.200	0.10000000	-103026.411
52.700	0.05000000	-4365.797429
52.700	0.10000000	-106657.2509
53.200	0.05000000	-4656.251868
53.200	0.10000000	-110369.5907
53.700	0.05000000	-4955.095962
53.700	0.10000000	-114164.3153
54.200	0.05000000	-5262.434822
54.200	0.10000000	-118042.3098
54.700	0.05000000	-5578.373557
54.700	0.10000000	-122004.459
55.200	0.05000000	-5903.017278
55.200	0.10000000	-126051.6479
55.700	0.05000000	-6236.471096
55.700	0.10000000	-130184.7616
56.200	0.05000000	-6578.840124
56.200	0.10000000	-134404.6849
56.700	0.05000000	-6930.229473
56.700	0.10000000	-138712.3029
57.200	0.05000000	-7290.744256
57.200	0.10000000	-143108.5004
57.700	0.05000000	-7660.489588
57.700	0.10000000	-147594.1625
58.200	0.05000000	-8039.570582
58.200	0.10000000	-152170.1742
58.700	0.05000000	-8428.092353
58.700	0.10000000	-156837.4204
59.200	0.05000000	-8826.160017
59.200	0.10000000	-161596.7861
59.700	0.05000000	-9233.878688
59.700	0.10000000	-166449.1562
60.200	0.05000000	-9651.353483
60.200	0.10000000	-171395.4158
60.700	0.05000000	-10078.68952
60.700	0.10000000	-176436.4498
61.200	0.05000000	-10515.99191
61.200	0.10000000	-181573.1431
61.700	0.05000000	-10963.36578
61.700	0.10000000	-186806.3808
62.200	0.05000000	-11420.91624
62.200	0.10000000	-192137.0478
62.700	0.05000000	-11888.74841
62.700	0.10000000	-197566.0291
63.200	0.05000000	-12366.96741
63.200	0.10000000	-203094.2097
63.700	0.05000000	-12855.67836
63.700	0.10000000	-208722.4745
64.200	0.05000000	-13354.98638
64.200	0.10000000	-214451.7086
64.700	0.05000000	-13864.99658
64.700	0.10000000	-220282.7968
65.200	0.05000000	-14385.8141
65.200	0.10000000	-226216.6242
65.700	0.05000000	-14917.54404
65.700	0.10000000	-232254.0758
66.200	0.05000000	-15460.29153
66.200	0.10000000	-238396.0364
66.700	0.05000000	-16014.16169
66.700	0.10000000	-244643.3912
67.200	0.05000000	-16579.25964
67.200	0.10000000	-250997.0251
67.700	0.05000000	-17155.6905
67.700	0.10000000	-257457.823
68.200	0.05000000	-17743.5594
68.200	0.10000000	-264026.6699
68.700	0.05000000	-18342.97145
68.700	0.10000000	-270704.4509
69.200	0.05000000	-18954.03178
69.200	0.10000000	-277492.0508
69.700	0.05000000	-19576.84552
69.700	0.10000000	-284390.3547
70.200	0.05000000	-20211.51777
70.200	0.10000000	-291400.2476
70.700	0.05000000	-20858.15368
70.700	0.10000000	-298522.6143
71.200	0.05000000	-21516.85836
71.200	0.10000000	-305758.34
71.700	0.05000000	-22187.73693
71.700	0.10000000	-313108.3096
72.200	0.05000000	-22870.89452
72.200	0.10000000	-320573.408
72.700	0.05000000	-23566.43626
72.700	0.10000000	-328154.5203
73.200	0.05000000	-24274.46726
73.200	0.10000000	-335852.5314
73.700	0.05000000	-24995.09265
73.700	0.10000000	-343668.3263
74.200	0.05000000	-25728.41756
74.200	0.10000000	-351602.79
74.700	0.05000000	-26474.54711
74.700	0.10000000	-359656.8075
