0.2	0.002	450.4510905
0.7	0.002	450.2373609
1.2	0.002	450.0236611
1.7	0.002	449.8099123
2.2	0.002	449.5960333
2.7	0.002	449.3819407
3.2	0.002	449.1675486
3.7	0.002	448.9527687
4.2	0.002	448.73751
4.7	0.002	448.5216787
5.2	0.002	448.3051783
5.7	0.002	448.0879089
6.2	0.002	447.8697675
6.7	0.002	447.650648
7.2	0.002	447.4304402
7.7	0.002	447.2090305
8.2	0.002	446.9863013
8.7	0.002	446.7621307
9.2	0.002	446.5363923
9.7	0.002	446.3106684
10.2	0.002	446.0816523
10.7	0.002	445.8506822
11.2	0.002	445.6176118
11.7	0.002	445.382289
12.2	0.002	445.144555
12.7	0.002	444.9042447
13.2	0.002	444.6611855
13.7	0.002	444.4151974
14.2	0.002	444.166092
14.7	0.002	443.9136727
15.2	0.002	443.657733
15.7	0.002	443.3980569
16.2	0.002	443.1344176
16.7	0.002	442.8665768
17.2	0.002	442.5942841
17.7	0.002	442.3172754
18.2	0.002	442.0352728
18.7	0.002	441.7479827
19.2	0.002	441.4550949
19.7	0.002	441.1562808
20.2	0.002	440.8511925
20.7	0.002	440.5394605
21.2	0.002	440.2206917
21.7	0.002	439.8944679
22.2	0.002	439.5603425
22.7	0.002	439.2178384
23.2	0.002	438.8664445
23.7	0.002	438.5056125
24.2	0.002	438.1347526
24.7	0.002	437.753229
25.2	0.002	437.360355
25.7	0.002	436.9553864
26.2	0.002	436.5375151
26.7	0.002	436.1058605
27.2	0.002	435.6594606
27.7	0.002	435.1972604
28.2	0.002	434.7180994
28.7	0.002	434.2148576
29.2	0.002	433.7015934
29.7	0.002	433.1681698
30.2	0.002	432.603971
30.7	0.002	432.0176151
31.2	0.002	431.4039838
31.7	0.002	430.7605049
32.2	0.002	430.0842284
32.7	0.002	429.3717458
33.2	0.002	428.6190852
33.7	0.002	427.821576
34.2	0.002	426.9736699
34.7	0.002	426.0687023
35.2	0.002	425.0985711
35.7	0.002	424.0532973
36.2	0.002	422.9204234
36.7	0.002	421.6841869
37.2	0.002	420.3008014
37.7	0.002	418.7677207
38.2	0.002	417.0253714
38.7	0.002	414.9993356
39.2	0.002	412.5641222
39.7	0.002	409.4204082
40.2	0.002	404.8326412
40.7	0.002	392.739742
41.2	0.002	393.6073065
41.7	0.002	394.4435344
42.2	0.002	395.2945801
42.7	0.002	396.1430266
43.2	0.002	396.9944415
43.7	0.002	397.8433214
44.2	0.002	398.691489
44.7	0.002	399.5361937
45.2	0.002	400.3843611
45.7	0.002	401.2311313
46.2	0.002	402.0769015
46.7	0.002	402.9218517
47.2	0.002	403.7660674
47.7	0.002	404.6095941
48.2	0.002	405.4524579
48.7	0.002	406.2946761
49.2	0.002	407.1362612
49.7	0.002	407.9772233
50.2	0.002	408.8175712
50.7	0.002	409.6573129
51.2	0.002	410.4964562
51.7	0.002	411.3350082
52.2	0.002	412.1729764
52.7	0.002	413.0103676
53.2	0.002	413.8471889
53.7	0.002	414.6834473
54.2	0.002	415.5191495
54.7	0.002	416.3543025
55.2	0.002	417.1889128
55.7	0.002	418.0229873
56.2	0.002	418.8537407
56.7	0.002	419.6871099
57.2	0.002	420.5199124
57.7	0.002	421.3521632
58.2	0.002	422.1838758
58.7	0.002	423.0150623
59.2	0.002	423.8457336
59.7	0.002	424.6759001
60.2	0.002	425.5055711
60.7	0.002	426.3347557
61.2	0.002	427.1634623
61.7	0.002	427.991699
62.2	0.002	428.8194736
62.7	0.002	429.6467934
63.2	0.002	430.4736658
63.7	0.002	431.3000977
64.2	0.002	432.126096
64.7	0.002	432.9516674
65.2	0.002	433.7768185
65.7	0.002	434.6015556
66.2	0.002	435.4258851
66.7	0.002	436.2498133
67.2	0.002	437.0733462
67.7	0.002	437.8964899
68.2	0.002	438.7192505
68.7	0.002	439.5416338
69.2	0.002	440.3636456
69.7	0.002	441.1852919
70.2	0.002	442.0065782
70.7	0.002	442.8275102
71.2	0.002	443.6480937
71.7	0.002	444.4670669
72.2	0.002	445.2870143
72.7	0.002	446.1066276
73.2	0.002	446.9259122
73.7	0.002	447.7448736
74.2	0.002	448.5635175
74.7	0.002	449.381849
0.2	0.005	408.06562
0.7	0.005	407.6479095
1.2	0.005	407.2388028
1.7	0.005	406.8383558
2.2	0.005	406.4466196
2.7	0.005	406.0636402
3.2	0.005	405.6894577
3.7	0.005	405.3241063
4.2	0.005	404.967612
4.7	0.005	404.6199939
5.2	0.005	404.2828478
5.7	0.005	403.9534487
6.2	0.005	403.6329916
6.7	0.005	403.321456
7.2	0.005	403.0188081
7.7	0.005	402.7249999
8.2	0.005	402.439968
8.7	0.005	402.1636319
9.2	0.005	401.8958931
9.7	0.005	401.6366329
10.2	0.005	401.3857112
10.7	0.005	401.1429643
11.2	0.005	400.908203
11.7	0.005	400.6812099
12.2	0.005	400.4617376
12.7	0.005	400.2495051
13.2	0.005	400.0441952
13.7	0.005	399.8454508
14.2	0.005	399.6528713
14.7	0.005	399.4629294
15.2	0.005	399.2865582
15.7	0.005	399.1073666
16.2	0.005	398.9344055
16.7	0.005	398.764787
17.2	0.005	398.597751
17.7	0.005	398.4324715
18.2	0.005	398.2680791
18.7	0.005	398.1037247
19.2	0.005	397.9387433
19.7	0.005	397.7730468
20.2	0.005	397.592756
20.7	0.005	397.4128123
21.2	0.005	397.2251989
21.7	0.005	397.0297386
22.2	0.005	396.8154975
22.7	0.005	396.5915735
23.2	0.005	396.347129
23.7	0.005	396.6916062
24.2	0.005	398.7260019
24.7	0.005	400.7766726
25.2	0.005	402.8454162
25.7	0.005	404.9045121
26.2	0.005	406.9790501
26.7	0.005	409.0635415
27.2	0.005	411.1569569
27.7	0.005	413.267677
28.2	0.005	415.3741573
28.7	0.005	417.491645
29.2	0.005	419.6189857
29.7	0.005	421.7556278
30.2	0.005	423.9013088
30.7	0.005	426.0559049
31.2	0.005	428.2193589
31.7	0.005	430.3916454
32.2	0.005	432.5727538
32.7	0.005	434.7626799
33.2	0.005	436.9680246
33.7	0.005	439.1680115
34.2	0.005	441.3784221
34.7	0.005	443.6105308
35.2	0.005	445.8445173
35.7	0.005	448.0873037
36.2	0.005	450.3388826
36.7	0.005	452.5992451
37.2	0.005	454.8683807
37.7	0.005	457.1462774
38.2	0.005	459.4329216
38.7	0.005	461.7282983
39.2	0.005	464.0323911
39.7	0.005	466.345182
40.2	0.005	468.6666518
40.7	0.005	470.9967797
41.2	0.005	473.3355437
41.7	0.005	475.6829206
42.2	0.005	478.0388856
42.7	0.005	480.4034154
43.2	0.005	482.7763896
43.7	0.005	485.157934
44.2	0.005	487.5479532
44.7	0.005	489.9464168
45.2	0.005	492.3534971
45.7	0.005	494.7687896
46.2	0.005	497.1924313
46.7	0.005	499.6243877
47.2	0.005	502.0646233
47.7	0.005	504.5131016
48.2	0.005	506.9697854
48.7	0.005	509.4346366
49.2	0.005	511.9076163
49.7	0.005	514.3886849
50.2	0.005	516.877802
50.7	0.005	519.3749267
51.2	0.005	521.8800172
51.7	0.005	524.3930314
52.2	0.005	526.9139262
52.7	0.005	529.4426584
53.2	0.005	531.979184
53.7	0.005	534.5234586
54.2	0.005	537.0754372
54.7	0.005	539.6350747
55.2	0.005	542.2023253
55.7	0.005	544.7771429
56.2	0.005	547.359481
56.7	0.005	549.949293
57.2	0.005	552.5465317
57.7	0.005	555.1511498
58.2	0.005	557.7630998
58.7	0.005	560.3823337
59.2	0.005	563.0088035
59.7	0.005	565.642461
60.2	0.005	568.2832577
60.7	0.005	570.9311451
61.2	0.005	573.5860744
61.7	0.005	576.2479968
62.2	0.005	578.9168633
62.7	0.005	581.5926248
63.2	0.005	584.2752321
63.7	0.005	586.9646371
64.2	0.005	589.6607883
64.7	0.005	592.3636375
65.2	0.005	595.0731353
65.7	0.005	597.7892324
66.2	0.005	600.5118792
66.7	0.005	603.2410263
67.2	0.005	605.9766242
67.7	0.005	608.7186236
68.2	0.005	611.466975
68.7	0.005	614.2216288
69.2	0.005	616.9825358
69.7	0.005	619.7496465
70.2	0.005	622.5229116
70.7	0.005	625.3022817
71.2	0.005	628.0877076
71.7	0.005	630.87914
72.2	0.005	633.6765297
72.7	0.005	636.4798276
73.2	0.005	639.2889846
73.7	0.005	642.1039516
74.2	0.005	644.9246796
74.7	0.005	647.7511196
0.2	0.01	372.4695255
0.7	0.01	371.6144265
1.2	0.01	370.7894469
1.7	0.01	369.995864
2.2	0.01	369.2349978
2.7	0.01	368.5099458
3.2	0.01	367.8195928
3.7	0.01	367.1663485
4.2	0.01	366.5516228
4.7	0.01	365.9768195
5.2	0.01	365.4433199
5.7	0.01	364.952477
6.2	0.01	364.5055939
6.7	0.01	364.101837
7.2	0.01	363.7485658
7.7	0.01	363.440622
8.2	0.01	363.181105
8.7	0.01	362.9716586
9.2	0.01	362.8089903
9.7	0.01	362.6978056
10.2	0.01	362.6356111
10.7	0.01	362.6228721
11.2	0.01	365.3984094
11.7	0.01	369.1238092
12.2	0.01	372.8924003
12.7	0.01	376.7196583
13.2	0.01	380.5808826
13.7	0.01	384.4957383
14.2	0.01	388.4611701
14.7	0.01	392.4770103
15.2	0.01	396.5436935
15.7	0.01	400.6649268
16.2	0.01	404.8276598
16.7	0.01	409.0541161
17.2	0.01	413.3293371
17.7	0.01	417.6577877
18.2	0.01	422.0397998
18.7	0.01	426.4756504
19.2	0.01	430.9655483
19.7	0.01	435.5096523
20.2	0.01	440.1080568
20.7	0.01	444.7607946
21.2	0.01	449.4678384
21.7	0.01	454.2291009
22.2	0.01	459.0444361
22.7	0.01	463.9136411
23.2	0.01	468.836458
23.7	0.01	473.8125764
24.2	0.01	478.8416358
24.7	0.01	483.9232289
25.2	0.01	489.0569043
25.7	0.01	494.2421703
26.2	0.01	499.4784975
26.7	0.01	504.7653231
27.2	0.01	510.1020535
27.7	0.01	515.488068
28.2	0.01	520.9227222
28.7	0.01	526.4053523
29.2	0.01	531.9352724
29.7	0.01	537.5117864
30.2	0.01	543.1341845
30.7	0.01	548.8017469
31.2	0.01	554.5137466
31.7	0.01	560.2694508
32.2	0.01	566.0681236
32.7	0.01	571.9090268
33.2	0.01	577.7894079
33.7	0.01	583.7126884
34.2	0.01	589.6759786
34.7	0.01	595.6785465
35.2	0.01	601.7196635
35.7	0.01	607.7986054
36.2	0.01	613.9146527
36.7	0.01	620.0670913
37.2	0.01	626.2552125
37.7	0.01	632.4783136
38.2	0.01	638.7356975
38.7	0.01	645.0266734
39.2	0.01	651.3505565
39.7	0.01	657.7066679
40.2	0.01	664.0943346
40.7	0.01	670.5128896
41.2	0.01	676.9616715
41.7	0.01	683.4400244
42.2	0.01	689.9472977
42.7	0.01	696.482846
43.2	0.01	703.0460289
43.7	0.01	709.6362106
44.2	0.01	716.2527599
44.7	0.01	722.8950498
45.2	0.01	729.5624575
45.7	0.01	736.254364
46.2	0.01	742.9701539
46.7	0.01	749.7092153
47.2	0.01	756.4709394
47.7	0.01	763.2547206
48.2	0.01	770.059956
48.7	0.01	776.8860457
49.2	0.01	783.7323917
49.7	0.01	790.5983988
50.2	0.01	797.4834738
50.7	0.01	804.3870255
51.2	0.01	811.3084647
51.7	0.01	818.2472038
52.2	0.01	825.2026568
52.7	0.01	832.1742393
53.2	0.01	839.1613681
53.7	0.01	846.1634616
54.2	0.01	853.1799389
54.7	0.01	860.2102205
55.2	0.01	867.2537278
55.7	0.01	874.3098831
56.2	0.01	881.3781096
56.7	0.01	888.457831
57.2	0.01	895.5484721
57.7	0.01	902.649458
58.2	0.01	909.7602143
58.7	0.01	916.8801675
59.2	0.01	924.0087443
59.7	0.01	931.1453718
60.2	0.01	938.2894775
60.7	0.01	945.4404894
61.2	0.01	952.5978355
61.7	0.01	959.7609443
62.2	0.01	966.9292445
62.7	0.01	974.102165
63.2	0.01	981.2791347
63.7	0.01	988.459583
64.2	0.01	995.6429391
64.7	0.01	1002.828632
65.2	0.01	1010.017077
65.7	0.01	1017.203763
66.2	0.01	1024.394032
66.7	0.01	1031.58337
67.2	0.01	1038.772195
67.7	0.01	1045.959934
68.2	0.01	1053.146019
68.7	0.01	1060.329878
69.2	0.01	1067.510942
69.7	0.01	1074.688641
70.2	0.01	1081.862404
70.7	0.01	1089.031661
71.2	0.01	1096.195841
71.7	0.01	1103.354374
72.2	0.01	1110.506691
72.7	0.01	1117.652219
73.2	0.01	1124.790389
73.7	0.01	1131.920631
74.2	0.01	1139.042373
74.7	0.01	1146.155044
0.2	0.02	343.458948
0.7	0.02	341.8289335
1.2	0.02	340.2986381
1.7	0.02	338.8797935
2.2	0.02	337.5866877
2.7	0.02	336.4344456
3.2	0.02	335.4393142
3.7	0.02	334.6197124
4.2	0.02	333.9911894
4.7	0.02	334.9850772
5.2	0.02	341.560812
5.7	0.02	348.3424865
6.2	0.02	355.3373252
6.7	0.02	362.5589006
7.2	0.02	370.0084956
7.7	0.02	377.7012679
8.2	0.02	385.6424516
8.7	0.02	393.8386499
9.2	0.02	402.2953584
9.7	0.02	411.0168274
10.2	0.02	420.0059591
10.7	0.02	429.2642504
11.2	0.02	438.791787
11.7	0.02	448.5872876
12.2	0.02	458.6481946
12.7	0.02	468.9707933
13.2	0.02	479.5489035
13.7	0.02	490.3801669
14.2	0.02	501.4566054
14.7	0.02	512.7715032
15.2	0.02	524.3177796
15.7	0.02	536.088116
16.2	0.02	548.0750614
16.7	0.02	560.2711182
17.2	0.02	572.6688069
17.7	0.02	585.2607137
18.2	0.02	598.0395235
18.7	0.02	610.9980403
19.2	0.02	624.1291978
19.7	0.02	637.4260632
20.2	0.02	650.8818352
20.7	0.02	664.4898385
21.2	0.02	678.2435159
21.7	0.02	692.1364192
22.2	0.02	706.1621983
22.7	0.02	720.3145922
23.2	0.02	734.5874185
23.7	0.02	748.9745639
24.2	0.02	763.4699758
24.7	0.02	778.067654
25.2	0.02	792.7616435
25.7	0.02	807.5460282
26.2	0.02	822.4149248
26.7	0.02	837.3624781
27.2	0.02	852.3828562
27.7	0.02	867.470247
28.2	0.02	882.6188542
28.7	0.02	897.8228952
29.2	0.02	913.0765981
29.7	0.02	928.3741998
30.2	0.02	943.7099439
30.7	0.02	959.0780795
31.2	0.02	974.47286
31.7	0.02	989.8885413
32.2	0.02	1005.319382
32.7	0.02	1020.759641
33.2	0.02	1036.204073
33.7	0.02	1051.644929
34.2	0.02	1067.079537
34.7	0.02	1082.500076
35.2	0.02	1097.901333
35.7	0.02	1113.277567
36.2	0.02	1128.623035
36.7	0.02	1143.931991
37.2	0.02	1159.19869
37.7	0.02	1174.417385
38.2	0.02	1189.582327
38.7	0.02	1204.687764
39.2	0.02	1219.727945
39.7	0.02	1234.697116
40.2	0.02	1249.589522
40.7	0.02	1264.399407
41.2	0.02	1279.121012
41.7	0.02	1293.748578
42.2	0.02	1308.276343
42.7	0.02	1322.698546
43.2	0.02	1337.009423
43.7	0.02	1351.203208
44.2	0.02	1365.274136
44.7	0.02	1379.216438
45.2	0.02	1393.024347
45.7	0.02	1406.692093
46.2	0.02	1420.213905
46.7	0.02	1433.584011
47.2	0.02	1446.796638
47.7	0.02	1459.846012
48.2	0.02	1472.72636
48.7	0.02	1485.431904
49.2	0.02	1497.956868
49.7	0.02	1510.295476
50.2	0.02	1522.441949
50.7	0.02	1534.390507
51.2	0.02	1546.135372
51.7	0.02	1557.670763
52.2	0.02	1568.990899
52.7	0.02	1580.089997
53.2	0.02	1590.962277
53.7	0.02	1601.601953
54.2	0.02	1612.003244
54.7	0.02	1622.160364
55.2	0.02	1632.06753
55.7	0.02	1641.718954
56.2	0.02	1651.108853
56.7	0.02	1660.231439
57.2	0.02	1669.080925
57.7	0.02	1677.651525
58.2	0.02	1685.93745
58.7	0.02	1693.932913
59.2	0.02	1701.632124
59.7	0.02	1709.029295
60.2	0.02	1716.118635
60.7	0.02	1722.894356
61.2	0.02	1729.350668
61.7	0.02	1735.481778
62.2	0.02	1741.281898
62.7	0.02	1746.745234
63.2	0.02	1751.865997
63.7	0.02	1756.638393
64.2	0.02	1761.056631
64.7	0.02	1765.114918
65.2	0.02	1768.807461
65.7	0.02	1772.128468
66.2	0.02	1775.072144
66.7	0.02	1777.632696
67.2	0.02	1779.804331
67.7	0.02	1781.581253
68.2	0.02	1782.95767
68.7	0.02	1783.927785
69.2	0.02	1784.485804
69.7	0.02	1784.625933
70.2	0.02	1784.342375
70.7	0.02	1783.629335
71.2	0.02	1782.481018
71.7	0.02	1780.891627
72.2	0.02	1778.855366
72.7	0.02	1776.36644
73.2	0.02	1773.419051
73.7	0.02	1770.007403
74.2	0.02	1766.125698
74.7	0.02	1761.768141
0.2	0.05	314.320834
0.7	0.05	311.2241896
1.2	0.05	308.7203503
1.7	0.05	316.0216664
2.2	0.05	331.0999312
2.7	0.05	347.7362198
3.2	0.05	366.0942108
3.7	0.05	386.2985397
4.2	0.05	408.4140713
4.7	0.05	432.4436168
5.2	0.05	458.3305876
5.7	0.05	485.9807561
6.2	0.05	515.2785986
6.7	0.05	546.1006532
7.2	0.05	578.32329
7.7	0.05	611.826152
8.2	0.05	646.4930248
8.7	0.05	682.2114765
9.2	0.05	718.8720777
9.7	0.05	756.3675888
10.2	0.05	794.5922718
10.7	0.05	833.4413623
11.2	0.05	872.8106886
11.7	0.05	912.5964096
12.2	0.05	952.6948397
12.7	0.05	993.0023379
13.2	0.05	1033.415445
13.7	0.05	1073.829608
14.2	0.05	1114.142253
14.7	0.05	1154.248648
15.2	0.05	1194.045004
15.7	0.05	1233.427231
16.2	0.05	1272.291157
16.7	0.05	1310.532529
17.2	0.05	1348.047023
17.7	0.05	1384.730252
18.2	0.05	1420.477765
18.7	0.05	1455.18506
19.2	0.05	1488.747588
19.7	0.05	1521.060755
20.2	0.05	1552.019926
20.7	0.05	1581.520431
21.2	0.05	1609.457569
21.7	0.05	1635.726609
22.2	0.05	1660.22279
22.7	0.05	1682.841331
23.2	0.05	1703.477424
23.7	0.05	1722.026245
24.2	0.05	1738.382947
24.7	0.05	1752.442667
25.2	0.05	1764.100527
25.7	0.05	1773.251634
26.2	0.05	1779.791079
26.7	0.05	1783.613943
27.2	0.05	1784.615294
27.7	0.05	1782.69019
28.2	0.05	1777.733678
28.7	0.05	1769.640795
29.2	0.05	1758.306572
29.7	0.05	1743.626028
30.2	0.05	1725.494177
30.7	0.05	1703.806025
31.2	0.05	1678.456571
31.7	0.05	1649.340808
32.2	0.05	1616.353723
32.7	0.05	1579.390299
33.2	0.05	1538.345511
33.7	0.05	1493.114331
34.2	0.05	1443.591726
34.7	0.05	1389.672657
35.2	0.05	1331.252085
35.7	0.05	1268.224963
36.2	0.05	1200.486241
36.7	0.05	1127.930868
37.2	0.05	1050.453788
37.7	0.05	967.9499409
38.2	0.05	880.3142656
38.7	0.05	787.441697
39.2	0.05	689.2271679
39.7	0.05	585.5656082
40.2	0.05	476.3519457
40.7	0.05	361.4811058
41.2	0.05	240.8480117
41.7	0.05	114.3475847
42.2	0.05	-18.12525625
42.7	0.05	-156.6755936
43.2	0.05	-301.408512
43.7	0.05	-452.4290975
44.2	0.05	-609.8424379
44.7	0.05	-773.7536225
45.2	0.05	-944.2677424
45.7	0.05	-1121.48989
46.2	0.05	-1305.525158
46.7	0.05	-1496.478642
47.2	0.05	-1694.455439
47.7	0.05	-1899.560645
48.2	0.05	-2111.89936
48.7	0.05	-2331.576682
49.2	0.05	-2558.697712
49.7	0.05	-2793.367553
50.2	0.05	-3035.691307
50.7	0.05	-3285.774078
51.2	0.05	-3543.72097
51.7	0.05	-3809.637088
52.2	0.05	-4083.627539
52.7	0.05	-4365.797429
53.2	0.05	-4656.251868
53.7	0.05	-4955.095962
54.2	0.05	-5262.434822
54.7	0.05	-5578.373557
55.2	0.05	-5903.017278
55.7	0.05	-6236.471096
56.2	0.05	-6578.840124
56.7	0.05	-6930.229473
57.2	0.05	-7290.744256
57.7	0.05	-7660.489588
58.2	0.05	-8039.570582
58.7	0.05	-8428.092353
59.2	0.05	-8826.160017
59.7	0.05	-9233.878688
60.2	0.05	-9651.353483
60.7	0.05	-10078.68952
61.2	0.05	-10515.99191
61.7	0.05	-10963.36578
62.2	0.05	-11420.91624
62.7	0.05	-11888.74841
63.2	0.05	-12366.96741
63.7	0.05	-12855.67836
64.2	0.05	-13354.98638
64.7	0.05	-13864.99658
65.2	0.05	-14385.8141
65.7	0.05	-14917.54404
66.2	0.05	-15460.29153
66.7	0.05	-16014.16169
67.2	0.05	-16579.25964
67.7	0.05	-17155.6905
68.2	0.05	-17743.5594
68.7	0.05	-18342.97145
69.2	0.05	-18954.03178
69.7	0.05	-19576.84552
70.2	0.05	-20211.51777
70.7	0.05	-20858.15368
71.2	0.05	-21516.85836
71.7	0.05	-22187.73693
72.2	0.05	-22870.89452
72.7	0.05	-23566.43626
73.2	0.05	-24274.46726
73.7	0.05	-24995.09265
74.2	0.05	-25728.41756
74.7	0.05	-26474.54711
0.2	0.1	297.6779403
0.7	0.1	301.9773094
1.2	0.1	330.896251
1.7	0.1	366.9696621
2.2	0.1	410.9728664
2.7	0.1	462.7162744
3.2	0.1	521.4260675
3.7	0.1	586.163394
4.2	0.1	655.9966731
4.7	0.1	730.0266965
5.2	0.1	807.3745918
5.7	0.1	887.1697628
6.2	0.1	968.5432648
6.7	0.1	1050.625103
7.2	0.1	1132.542732
7.7	0.1	1213.422609
8.2	0.1	1292.388327
8.7	0.1	1368.562512
9.2	0.1	1441.066473
9.7	0.1	1509.020542
10.2	0.1	1571.54426
10.7	0.1	1627.756527
11.2	0.1	1676.775715
11.7	0.1	1717.719758
12.2	0.1	1749.706228
12.7	0.1	1771.852391
13.2	0.1	1783.275252
13.7	0.1	1783.091598
14.2	0.1	1770.418024
14.7	0.1	1744.370962
15.2	0.1	1704.066705
15.7	0.1	1648.621418
16.2	0.1	1577.151162
16.7	0.1	1488.7719
17.2	0.1	1382.599512
17.7	0.1	1257.749805
18.2	0.1	1113.338518
18.7	0.1	948.4813318
19.2	0.1	762.2938745
19.7	0.1	553.8917265
20.2	0.1	322.3904255
20.7	0.1	66.90547083
21.2	0.1	-213.4476731
21.7	0.1	-519.5535737
22.2	0.1	-852.2968268
22.7	0.1	-1212.562055
23.2	0.1	-1601.233904
23.7	0.1	-2019.197042
24.2	0.1	-2467.336158
24.7	0.1	-2946.535958
25.2	0.1	-3457.681166
25.7	0.1	-4001.656521
26.2	0.1	-4579.346776
26.7	0.1	-5191.6367
27.2	0.1	-5839.411072
27.7	0.1	-6523.554682
28.2	0.1	-7244.952333
28.7	0.1	-8004.488835
29.2	0.1	-8803.049011
29.7	0.1	-9641.517689
30.2	0.1	-10520.77971
30.7	0.1	-11441.71991
31.2	0.1	-12405.22315
31.7	0.1	-13412.17428
32.2	0.1	-14463.45818
32.7	0.1	-15559.9597
33.2	0.1	-16702.56373
33.7	0.1	-17892.15515
34.2	0.1	-19129.61885
34.7	0.1	-20415.8397
35.2	0.1	-21751.70262
35.7	0.1	-23138.0925
36.2	0.1	-24575.89423
36.7	0.1	-26065.99274
37.2	0.1	-27609.27291
37.7	0.1	-29206.61968
38.2	0.1	-30858.91796
38.7	0.1	-32567.05265
39.2	0.1	-34331.9087
39.7	0.1	-36154.37101
40.2	0.1	-38035.32452
40.7	0.1	-39975.65415
41.2	0.1	-41976.24485
41.7	0.1	-44037.98153
42.2	0.1	-46161.74914
42.7	0.1	-48348.43261
43.2	0.1	-50598.91688
43.7	0.1	-52914.0869
44.2	0.1	-55294.8276
44.7	0.1	-57742.02394
45.2	0.1	-60256.56085
45.7	0.1	-62839.32329
46.2	0.1	-65491.19619
46.7	0.1	-68213.06452
47.2	0.1	-71005.81323
47.7	0.1	-73870.32726
48.2	0.1	-76807.49157
48.7	0.1	-79818.19111
49.2	0.1	-82903.31085
49.7	0.1	-86063.73574
50.2	0.1	-89300.35073
50.7	0.1	-92614.04079
51.2	0.1	-96005.69087
51.7	0.1	-99476.18594
52.2	0.1	-103026.411
52.7	0.1	-106657.2509
53.2	0.1	-110369.5907
53.7	0.1	-114164.3153
54.2	0.1	-118042.3098
54.7	0.1	-122004.459
55.2	0.1	-126051.6479
55.7	0.1	-130184.7616
56.2	0.1	-134404.6849
56.7	0.1	-138712.3029
57.2	0.1	-143108.5004
57.7	0.1	-147594.1625
58.2	0.1	-152170.1742
58.7	0.1	-156837.4204
59.2	0.1	-161596.7861
59.7	0.1	-166449.1562
60.2	0.1	-171395.4158
60.7	0.1	-176436.4498
61.2	0.1	-181573.1431
61.7	0.1	-186806.3808
62.2	0.1	-192137.0478
62.7	0.1	-197566.0291
63.2	0.1	-203094.2097
63.7	0.1	-208722.4745
64.2	0.1	-214451.7086
64.7	0.1	-220282.7968
65.2	0.1	-226216.6242
65.7	0.1	-232254.0758
66.2	0.1	-238396.0364
66.7	0.1	-244643.3912
67.2	0.1	-250997.0251
67.7	0.1	-257457.823
68.2	0.1	-264026.6699
68.7	0.1	-270704.4509
69.2	0.1	-277492.0508
69.7	0.1	-284390.3547
70.2	0.1	-291400.2476
70.7	0.1	-298522.6143
71.2	0.1	-305758.34
71.7	0.1	-313108.3096
72.2	0.1	-320573.408
72.7	0.1	-328154.5203
73.2	0.1	-335852.5314
73.7	0.1	-343668.3263
74.2	0.1	-351602.79
74.7	0.1	-359656.8075
0.2	0.2	285.2124857
0.7	0.2	340.1998045
1.2	0.2	427.152695
1.7	0.2	543.6085391
2.2	0.2	682.8682299
2.7	0.2	837.8239186
3.2	0.2	1001.389988
3.7	0.2	1166.439049
4.2	0.2	1325.800414
4.7	0.2	1472.272901
5.2	0.2	1598.636515
5.7	0.2	1697.658941
6.2	0.2	1762.099688
6.7	0.2	1784.712615
7.2	0.2	1758.247557
7.7	0.2	1675.4514
8.2	0.2	1529.068826
8.7	0.2	1311.84283
9.2	0.2	1016.515096
9.7	0.2	635.8262783
10.2	0.2	162.5162033
10.7	0.2	-410.6759696
11.2	0.2	-1091.011627
11.7	0.2	-1885.752608
12.2	0.2	-2802.161124
12.7	0.2	-3847.499705
13.2	0.2	-5029.031146
13.7	0.2	-6354.01847
14.2	0.2	-7829.724893
14.7	0.2	-9463.413801
15.2	0.2	-11262.34872
15.7	0.2	-13233.79332
16.2	0.2	-15385.01135
16.7	0.2	-17723.26668
17.2	0.2	-20255.82327
17.7	0.2	-22989.94514
18.2	0.2	-25932.89638
18.7	0.2	-29091.94115
19.2	0.2	-32474.34365
19.7	0.2	-36087.36815
20.2	0.2	-39938.27894
20.7	0.2	-44034.34035
21.2	0.2	-48382.81677
21.7	0.2	-52990.97261
22.2	0.2	-57866.07229
22.7	0.2	-63015.38028
23.2	0.2	-68446.16106
23.7	0.2	-74165.67915
24.2	0.2	-80181.19908
24.7	0.2	-86499.98539
25.2	0.2	-93129.30265
25.7	0.2	-100076.4154
26.2	0.2	-107348.5884
26.7	0.2	-114953.086
27.2	0.2	-122897.173
27.7	0.2	-131188.114
28.2	0.2	-139833.1737
28.7	0.2	-148839.6166
29.2	0.2	-158214.7075
29.7	0.2	-167965.711
30.2	0.2	-178099.8918
30.7	0.2	-188624.5146
31.2	0.2	-199546.8442
31.7	0.2	-210874.1451
32.2	0.2	-222613.6821
32.7	0.2	-234772.7199
33.2	0.2	-247358.5233
33.7	0.2	-260378.3569
34.2	0.2	-273839.4855
34.7	0.2	-287749.1739
35.2	0.2	-302114.6867
35.7	0.2	-316943.2887
36.2	0.2	-332242.2447
36.7	0.2	-348018.8194
37.2	0.2	-364280.2775
37.7	0.2	-381033.8839
38.2	0.2	-398286.9033
38.7	0.2	-416046.6003
39.2	0.2	-434320.2399
39.7	0.2	-453115.0868
40.2	0.2	-472438.4057
40.7	0.2	-492297.4614
41.2	0.2	-512699.5188
41.7	0.2	-533651.8425
42.2	0.2	-555161.6973
42.7	0.2	-577236.3481
43.2	0.2	-599883.0596
43.7	0.2	-623109.0966
44.2	0.2	-646921.7239
44.7	0.2	-671328.2063
45.2	0.2	-696335.8085
45.7	0.2	-721951.7954
46.2	0.2	-748183.4318
46.7	0.2	-775037.9824
47.2	0.2	-802522.712
47.7	0.2	-830644.8855
48.2	0.2	-859411.7677
48.7	0.2	-888830.6233
49.2	0.2	-918908.7171
49.7	0.2	-949653.314
50.2	0.2	-981071.6787
50.7	0.2	-1013171.076
51.2	0.2	-1045958.771
51.7	0.2	-1079442.028
52.2	0.2	-1113628.112
52.7	0.2	-1148524.288
53.2	0.2	-1184137.821
53.7	0.2	-1220475.975
54.2	0.2	-1257546.015
54.7	0.2	-1295355.207
55.2	0.2	-1333910.815
55.7	0.2	-1373220.103
56.2	0.2	-1413290.337
56.7	0.2	-1454128.781
57.2	0.2	-1495742.7
57.7	0.2	-1538139.359
58.2	0.2	-1581326.023
58.7	0.2	-1625309.957
59.2	0.2	-1670098.425
59.7	0.2	-1715698.693
60.2	0.2	-1762118.024
60.7	0.2	-1809363.684
61.2	0.2	-1857442.938
61.7	0.2	-1906363.051
62.2	0.2	-1956131.287
62.7	0.2	-2006754.911
63.2	0.2	-2058241.188
63.7	0.2	-2110597.383
64.2	0.2	-2163830.76
64.7	0.2	-2217948.585
65.2	0.2	-2272958.122
65.7	0.2	-2328866.636
66.2	0.2	-2385681.392
66.7	0.2	-2443409.655
67.2	0.2	-2502058.689
67.7	0.2	-2561635.76
68.2	0.2	-2622148.131
68.7	0.2	-2683603.069
69.2	0.2	-2746007.838
69.7	0.2	-2809369.702
70.2	0.2	-2873695.927
70.7	0.2	-2938993.777
71.2	0.2	-3005270.517
71.7	0.2	-3072533.412
72.2	0.2	-3140789.727
72.7	0.2	-3210046.727
73.2	0.2	-3280311.676
73.7	0.2	-3351591.839
74.2	0.2	-3423894.481
74.7	0.2	-3497226.867
0.2	0.5	311.0883131
0.7	0.5	554.7896793
1.2	0.5	935.0696726
1.7	0.5	1342.740069
2.2	0.5	1664.012498
2.7	0.5	1784.178871
3.2	0.5	1588.229237
3.7	0.5	961.0286146
4.2	0.5	-212.6191696
4.7	0.5	-2047.943812
5.2	0.5	-4660.194925
5.7	0.5	-8164.634705
6.2	0.5	-12676.53369
6.7	0.5	-18311.16816
7.2	0.5	-25183.8185
7.7	0.5	-33409.76807
8.2	0.5	-43104.30248
8.7	0.5	-54382.70905
9.2	0.5	-67360.27641
9.7	0.5	-82152.29424
10.2	0.5	-98874.05308
10.7	0.5	-117640.8441
11.2	0.5	-138567.9591
11.7	0.5	-161770.6901
12.2	0.5	-187364.33
12.7	0.5	-215464.1714
13.2	0.5	-246185.5076
13.7	0.5	-279643.6319
14.2	0.5	-315953.8381
14.7	0.5	-355231.4197
15.2	0.5	-397591.6708
15.7	0.5	-443149.8854
16.2	0.5	-492021.3575
16.7	0.5	-544321.3816
17.2	0.5	-600165.2518
17.7	0.5	-659668.2625
18.2	0.5	-722945.7084
18.7	0.5	-790112.8838
19.2	0.5	-861285.0835
19.7	0.5	-936577.6019
20.2	0.5	-1016105.734
20.7	0.5	-1099984.774
21.2	0.5	-1188330.017
21.7	0.5	-1281256.758
22.2	0.5	-1378880.292
22.7	0.5	-1481315.913
23.2	0.5	-1588678.916
23.7	0.5	-1701084.596
24.2	0.5	-1818648.249
24.7	0.5	-1941485.168
25.2	0.5	-2069710.65
25.7	0.5	-2203439.988
26.2	0.5	-2342788.479
26.7	0.5	-2487871.416
27.2	0.5	-2638804.095
27.7	0.5	-2795701.811
28.2	0.5	-2958679.86
28.7	0.5	-3127853.535
29.2	0.5	-3303338.132
29.7	0.5	-3485248.946
30.2	0.5	-3673701.273
30.7	0.5	-3868810.406
31.2	0.5	-4070691.642
31.7	0.5	-4279460.276
32.2	0.5	-4495231.602
32.7	0.5	-4718120.915
33.2	0.5	-4948243.511
33.7	0.5	-5185714.685
34.2	0.5	-5430649.732
34.7	0.5	-5683163.947
35.2	0.5	-5943372.625
35.7	0.5	-6211391.061
36.2	0.5	-6487334.551
36.7	0.5	-6771318.389
37.2	0.5	-7063457.871
37.7	0.5	-7363868.292
38.2	0.5	-7672664.947
38.7	0.5	-7989963.131
39.2	0.5	-8315878.139
39.7	0.5	-8650525.266
40.2	0.5	-8994019.808
40.7	0.5	-9346477.06
41.2	0.5	-9708012.317
41.7	0.5	-10078740.87
42.2	0.5	-10458778.03
42.7	0.5	-10848239.07
43.2	0.5	-11247239.3
43.7	0.5	-11655894
44.2	0.5	-12074318.49
44.7	0.5	-12502628.04
45.2	0.5	-12940937.97
45.7	0.5	-13389363.55
46.2	0.5	-13848020.09
46.7	0.5	-14317022.88
47.2	0.5	-14796487.22
47.7	0.5	-15286528.4
48.2	0.5	-15787261.72
48.7	0.5	-16298802.47
49.2	0.5	-16821265.94
49.7	0.5	-17354767.44
50.2	0.5	-17899422.26
50.7	0.5	-18455345.69
51.2	0.5	-19022653.03
51.7	0.5	-19601459.58
52.2	0.5	-20191880.62
52.7	0.5	-20794031.46
53.2	0.5	-21408027.38
53.7	0.5	-22033983.69
54.2	0.5	-22672015.68
54.7	0.5	-23322238.65
55.2	0.5	-23984767.88
55.7	0.5	-24659718.68
56.2	0.5	-25347206.34
56.7	0.5	-26047346.16
57.2	0.5	-26760253.42
57.7	0.5	-27486043.43
58.2	0.5	-28224831.49
58.7	0.5	-28976732.88
59.2	0.5	-29741862.9
59.7	0.5	-30520336.84
60.2	0.5	-31312270.01
60.7	0.5	-32117777.7
61.2	0.5	-32936975.2
61.7	0.5	-33769977.8
62.2	0.5	-34616900.81
62.7	0.5	-35477859.52
63.2	0.5	-36352969.22
63.7	0.5	-37242345.21
64.2	0.5	-38146102.78
64.7	0.5	-39064357.23
65.2	0.5	-39997223.85
65.7	0.5	-40944817.95
66.2	0.5	-41907254.81
66.7	0.5	-42884649.72
67.2	0.5	-43877118
67.7	0.5	-44884774.92
68.2	0.5	-45907735.78
68.7	0.5	-46946115.89
69.2	0.5	-48000030.54
69.7	0.5	-49069595.01
70.2	0.5	-50154924.61
70.7	0.5	-51256134.63
71.2	0.5	-52373340.37
71.7	0.5	-53506657.12
72.2	0.5	-54656200.17
72.7	0.5	-55822084.83
73.2	0.5	-57004426.39
73.7	0.5	-58203340.13
74.2	0.5	-59418941.37
74.7	0.5	-60651345.39
