0.2	1700	344.5037595
1.2	1700	374.4275293
2.2	1700	385.7572917
3.2	1700	393.0061205
4.2	1700	398.3590239
5.2	1700	402.6049286
6.2	1700	406.1182253
7.2	1700	409.1111595
8.2	1700	411.7141774
9.2	1700	414.0137205
10.2	1700	416.0701128
11.2	1700	417.927172
12.2	1700	419.6177598
13.2	1700	421.1671734
14.2	1700	422.5953156
15.2	1700	423.9181365
16.2	1700	425.148623
17.2	1700	426.297496
18.2	1700	427.3737134
19.2	1700	428.3848408
20.2	1700	429.3373298
21.2	1700	430.2367294
22.2	1700	431.0878502
23.2	1700	431.8948922
24.2	1700	432.6615465
25.2	1700	433.3910768
26.2	1700	434.0863849
27.2	1700	434.7500637
28.2	1700	435.3844421
29.2	1700	435.9916202
30.2	1700	436.5672175
31.2	1700	437.1277765
32.2	1700	437.666512
33.2	1700	438.1847789
34.2	1700	438.6837912
35.2	1700	439.1646374
36.2	1700	439.628296
37.2	1700	440.0664782
38.2	1700	440.4974218
39.2	1700	440.9143786
40.2	1700	441.3276421
41.2	1700	441.7172782
42.2	1700	442.0941536
43.2	1700	442.45806
44.2	1700	442.8164092
45.2	1700	443.1649563
46.2	1700	443.5042417
47.2	1700	443.8347669
48.2	1700	444.156999
49.2	1700	444.4713757
50.2	1700	444.7783083
51.2	1700	445.078184
52.2	1700	445.3713664
53.2	1700	445.6581971
54.2	1700	445.9389961
55.2	1700	446.2140627
56.2	1700	446.4836774
57.2	1700	446.7481024
58.2	1700	447.0075837
59.2	1700	447.262352
60.2	1700	447.5126241
61.2	1700	447.7586042
62.2	1700	448.0004847
63.2	1700	448.2384472
64.2	1700	448.4726636
65.2	1700	448.7032967
66.2	1700	448.9305005
67.2	1700	449.1544216
68.2	1700	449.375199
69.2	1700	449.5924624
70.2	1700	449.8072632
71.2	1700	450.0193002
72.2	1700	450.2286887
73.2	1700	450.4355385
74.2	1700	450.6399546
0.2	1740	352.3483221
1.2	1740	384.2362501
2.2	1740	396.298835
3.2	1740	404.0249487
4.2	1740	409.7385906
5.2	1740	414.2761094
6.2	1740	418.0379781
7.2	1740	421.2500506
8.2	1740	424.0474682
9.2	1740	426.5233436
10.2	1740	428.7416446
11.2	1740	430.7488274
12.2	1740	432.5797265
13.2	1740	434.2611533
14.2	1740	435.8141978
15.2	1740	437.2557582
16.2	1740	438.5995896
17.2	1740	439.8570434
18.2	1740	441.0376007
19.2	1740	442.1492654
20.2	1740	443.1988585
21.2	1740	444.1922428
22.2	1740	445.1344966
23.2	1740	446.0300492
24.2	1740	446.8827888
25.2	1740	447.6961486
26.2	1740	448.4731764
27.2	1740	449.2165912
28.2	1740	449.9288301
29.2	1740	450.6120867
30.2	1740	451.2683433
31.2	1740	451.8993981
32.2	1740	452.5068875
33.2	1740	453.0923057
34.2	1740	453.6570211
35.2	1740	454.2022901
36.2	1740	454.7292697
37.2	1740	455.2390274
38.2	1740	455.7325504
39.2	1740	456.2107539
40.2	1740	456.6744871
41.2	1740	457.12454
42.2	1740	457.5616484
43.2	1740	457.9864986
44.2	1740	458.3997295
45.2	1740	458.8019411
46.2	1740	459.1936943
47.2	1740	459.5755143
48.2	1740	459.9478939
49.2	1740	460.3112956
50.2	1740	460.666154
51.2	1740	461.0128776
52.2	1740	461.3518508
53.2	1740	461.6834356
54.2	1740	462.0079727
55.2	1740	462.3257835
56.2	1740	462.6371709
57.2	1740	462.9424205
58.2	1740	463.2418023
59.2	1740	463.5355709
60.2	1740	463.8239671
61.2	1740	464.1073089
62.2	1740	464.3856234
63.2	1740	464.6592103
64.2	1740	464.9282629
65.2	1740	465.1929648
66.2	1740	465.4534904
67.2	1740	465.7100052
68.2	1740	465.9626666
69.2	1740	466.2116243
70.2	1740	466.4570211
71.2	1740	466.6989927
72.2	1740	466.9376689
73.2	1740	467.1731733
74.2	1740	467.405624
0.2	1780	360.6698424
1.2	1780	394.5358595
2.2	1780	407.3288817
3.2	1780	415.5281364
4.2	1780	421.5978841
5.2	1780	426.423918
6.2	1780	430.4300898
7.2	1780	433.8533464
8.2	1780	436.8400324
9.2	1780	439.4889342
10.2	1780	441.8643309
11.2	1780	444.0168183
12.2	1780	445.9831996
13.2	1780	447.7917968
14.2	1780	449.464884
15.2	1780	451.0203047
16.2	1780	452.4725808
17.2	1780	453.8336935
18.2	1780	455.1136474
19.2	1780	456.3208858
20.2	1780	457.4626017
21.2	1780	458.5449751
22.2	1780	459.5733566
23.2	1780	460.5524105
24.2	1780	461.4862288
25.2	1780	462.3784224
26.2	1780	463.232194
27.2	1780	464.0503988
28.2	1780	464.8355935
29.2	1780	465.5900769
30.2	1780	466.3159243
31.2	1780	467.0150161
32.2	1780	467.6890614
33.2	1780	468.339619
34.2	1780	468.9681147
35.2	1780	469.5758562
36.2	1780	470.1640459
37.2	1780	470.7337922
38.2	1780	471.2861193
39.2	1780	471.8219754
40.2	1780	472.3422399
41.2	1780	472.8477305
42.2	1780	473.3392083
43.2	1780	473.8173565
44.2	1780	474.2828851
45.2	1780	474.7363933
46.2	1780	475.1784604
47.2	1780	475.6096338
48.2	1780	476.0304235
49.2	1780	476.4413101
50.2	1780	476.8427457
51.2	1780	477.235156
52.2	1780	477.6189422
53.2	1780	477.9945737
54.2	1780	478.3622305
55.2	1780	478.7223359
56.2	1780	479.0752087
57.2	1780	479.421151
58.2	1780	479.7604486
59.2	1780	480.0933722
60.2	1780	480.4201785
61.2	1780	480.7411111
62.2	1780	481.056401
63.2	1780	481.3662679
64.2	1780	481.6709203
65.2	1780	481.9705566
66.2	1780	482.2653656
67.2	1780	482.555527
68.2	1780	482.841212
69.2	1780	483.1225836
70.2	1780	483.3997977
71.2	1780	483.6730026
72.2	1780	483.9423403
73.2	1780	484.2079462
74.2	1780	484.4699499
0.2	1820	369.4815165
1.2	1820	405.3425038
2.2	1820	418.8659014
3.2	1820	427.536079
4.2	1820	433.9589974
5.2	1820	439.0702976
6.2	1820	443.3173648
7.2	1820	446.9501763
8.2	1820	450.1230657
9.2	1820	452.9382182
10.2	1820	455.4668952
11.2	1820	457.7625864
12.2	1820	459.8608631
13.2	1820	461.7930293
14.2	1820	463.5825441
15.2	1820	465.2481971
16.2	1820	466.8052773
17.2	1820	468.2663967
18.2	1820	469.6420845
19.2	1820	470.9412247
20.2	1820	472.1713839
21.2	1820	473.3390617
22.2	1820	474.4498832
23.2	1820	475.508751
24.2	1820	476.5199644
25.2	1820	477.4873154
26.2	1820	478.4141663
27.2	1820	479.3035131
28.2	1820	480.158037
29.2	1820	480.9801476
30.2	1820	481.772019
31.2	1820	482.5356196
32.2	1820	483.2727376
33.2	1820	483.9850029
34.2	1820	484.673905
35.2	1820	485.3408093
36.2	1820	485.9869704
37.2	1820	486.6135439
38.2	1820	487.221597
39.2	1820	487.8121168
40.2	1820	488.3860187
41.2	1820	488.9441531
42.2	1820	489.4873111
43.2	1820	490.0160536
44.2	1820	490.5314189
45.2	1820	491.0340632
46.2	1820	491.5242236
47.2	1820	492.0026466
48.2	1820	492.4698632
49.2	1820	492.9263724
50.2	1820	493.3726441
51.2	1820	493.8091208
52.2	1820	494.23622
53.2	1820	494.6543356
54.2	1820	495.06384
55.2	1820	495.4650853
56.2	1820	495.8584048
57.2	1820	496.2441144
58.2	1820	496.6225133
59.2	1820	496.9938855
60.2	1820	497.3585007
61.2	1820	497.716615
62.2	1820	498.0684719
63.2	1820	498.4143032
64.2	1820	498.7543292
65.2	1820	499.0887602
66.2	1820	499.4177962
67.2	1820	499.7416281
68.2	1820	500.060438
69.2	1820	500.3743998
70.2	1820	500.6836796
71.2	1820	500.9884361
72.2	1820	501.2888209
73.2	1820	501.5849795
74.2	1820	501.8770506
0.2	1860	378.7955233
1.2	1860	416.6707633
2.2	1860	430.9263902
3.2	1860	440.0668609
4.2	1860	446.841412
5.2	1860	452.2360018
6.2	1860	456.7217421
7.2	1860	460.5617347
8.2	1860	463.9183531
9.2	1860	466.8990719
10.2	1860	469.5788221
11.2	1860	472.0119872
12.2	1860	474.2393218
13.2	1860	476.2921775
14.2	1860	478.1970558
15.2	1860	479.9702529
16.2	1860	481.6294339
17.2	1860	483.1878435
18.2	1860	484.6565375
19.2	1860	486.0448424
20.2	1860	487.3607007
21.2	1860	488.610933
22.2	1860	489.8014415
23.2	1860	490.9373688
24.2	1860	492.0232237
25.2	1860	493.062982
26.2	1860	494.0601683
27.2	1860	495.0179216
28.2	1860	495.9390507
29.2	1860	496.826079
30.2	1860	497.6812823
31.2	1860	498.5067204
32.2	1860	499.3042639
33.2	1860	500.0756169
34.2	1860	500.8223363
35.2	1860	501.5458484
36.2	1860	502.2474636
37.2	1860	502.928388
38.2	1860	503.5897352
39.2	1860	504.2325347
40.2	1860	504.8577409
41.2	1860	505.4662398
42.2	1860	506.0588559
43.2	1860	506.6363573
44.2	1860	507.199461
45.2	1860	507.7488374
46.2	1860	508.2851141
47.2	1860	508.8088794
48.2	1860	509.3206858
49.2	1860	509.8210525
50.2	1860	510.3104684
51.2	1860	510.7893937
52.2	1860	511.258263
53.2	1860	511.7174863
54.2	1860	512.1674513
55.2	1860	512.6085248
56.2	1860	513.041054
57.2	1860	513.4653682
58.2	1860	513.8817796
59.2	1860	514.2905845
60.2	1860	514.6920647
61.2	1860	515.0864878
62.2	1860	515.4741087
63.2	1860	515.8551697
64.2	1860	516.2299021
65.2	1860	516.5985261
66.2	1860	516.9612519
67.2	1860	517.3182799
68.2	1860	517.6698019
69.2	1860	518.0160007
70.2	1860	518.3570515
71.2	1860	518.6931217
72.2	1860	519.0243716
73.2	1860	519.3509545
74.2	1860	519.6730177
0.2	1900	388.6232142
1.2	1900	428.5339709
2.2	1900	443.5252694
3.2	1900	453.1367206
4.2	1900	460.2625229
5.2	1900	465.9394761
6.2	1900	470.6626427
7.2	1900	474.7083622
8.2	1900	478.2471122
9.2	1900	481.3916964
10.2	1900	484.2207407
11.2	1900	486.791297
12.2	1900	489.1461118
13.2	1900	491.3180626
14.2	1900	493.3329933
15.2	1900	495.2115973
16.2	1900	496.9707072
17.2	1900	498.6260421
18.2	1900	500.18573
19.2	1900	501.661174
20.2	1900	503.0606941
21.2	1900	504.3914347
22.2	1900	505.6595766
23.2	1900	506.8705048
24.2	1900	508.0289393
25.2	1900	509.1390419
26.2	1900	510.2045008
27.2	1900	511.2286006
28.2	1900	512.2142794
29.2	1900	513.1641762
30.2	1900	514.0806707
31.2	1900	514.9659161
32.2	1900	515.8218673
33.2	1900	516.6503048
34.2	1900	517.4528548
35.2	1900	518.2310069
36.2	1900	518.9861289
37.2	1900	519.7194798
38.2	1900	520.4322213
39.2	1900	521.1254275
40.2	1900	521.8000936
41.2	1900	522.4571435
42.2	1900	523.0974362
43.2	1900	523.7217725
44.2	1900	524.3308992
45.2	1900	524.9255146
46.2	1900	525.5062723
47.2	1900	526.073785
48.2	1900	526.6286279
49.2	1900	527.1713415
50.2	1900	527.7024345
51.2	1900	528.2223863
52.2	1900	528.7316489
53.2	1900	529.2306494
54.2	1900	529.7197913
55.2	1900	530.1994564
56.2	1900	530.6700064
57.2	1900	531.1317841
58.2	1900	531.5851147
59.2	1900	532.0303072
60.2	1900	532.467655
61.2	1900	532.8974374
62.2	1900	533.31992
63.2	1900	533.7353559
64.2	1900	534.1439864
65.2	1900	534.5460415
66.2	1900	534.9417408
67.2	1900	535.3312941
68.2	1900	535.7149017
69.2	1900	536.0927552
70.2	1900	536.465038
71.2	1900	536.8319255
72.2	1900	537.1935858
73.2	1900	537.55018
74.2	1900	537.9018623
0.2	1940	398.9752774
1.2	1940	440.9444767
2.2	1940	456.6762157
3.2	1940	466.7604334
4.2	1940	474.238068
5.2	1940	480.1973309
6.2	1940	485.1574845
7.2	1940	489.4082361
8.2	1940	493.1282426
9.2	1940	496.4356837
10.2	1940	499.4129113
11.2	1940	502.1196676
12.2	1940	504.6007062
13.2	1940	506.8904422
14.2	1940	509.015924
15.2	1940	510.9988059
16.2	1940	512.8567
17.2	1940	514.6041284
18.2	1940	516.2532095
19.2	1940	517.8141637
20.2	1940	519.2956921
21.2	1940	520.7071926
22.2	1940	522.0514582
23.2	1940	523.3358673
24.2	1940	524.5653538
25.2	1940	525.7442668
26.2	1940	526.8764601
27.2	1940	527.9653653
28.2	1940	529.0140517
29.2	1940	530.0252754
30.2	1940	531.0015215
31.2	1940	531.9450381
32.2	1940	532.8578659
33.2	1940	533.7418633
34.2	1940	534.5987273
35.2	1940	535.430012
36.2	1940	536.2371442
37.2	1940	537.0214371
38.2	1940	537.784102
39.2	1940	538.5262587
40.2	1940	539.2489447
41.2	1940	539.9531227
42.2	1940	540.6396881
43.2	1940	541.3094748
44.2	1940	541.963261
45.2	1940	542.601774
46.2	1940	543.2256943
47.2	1940	543.83566
48.2	1940	544.4322698
49.2	1940	545.0160865
50.2	1940	545.5876396
51.2	1940	546.1474281
52.2	1940	546.6959226
53.2	1940	547.2335673
54.2	1940	547.7607824
55.2	1940	548.2779652
56.2	1940	548.7854922
57.2	1940	549.2837202
58.2	1940	549.7729878
59.2	1940	550.2536166
60.2	1940	550.7259123
61.2	1940	551.1901655
62.2	1940	551.646653
63.2	1940	552.0956386
64.2	1940	552.5373736
65.2	1940	552.9720977
66.2	1940	553.4000401
67.2	1940	553.8214193
68.2	1940	554.2364444
69.2	1940	554.6453154
70.2	1940	555.0482236
71.2	1940	555.4453524
72.2	1940	555.8368772
73.2	1940	556.2229663
74.2	1940	556.6037813
0.2	1980	409.8618775
1.2	1980	453.9138688
2.2	1980	470.3919353
3.2	1980	480.9516277
4.2	1980	488.7824826
5.2	1980	495.0247304
6.2	1980	500.2221054
7.2	1980	504.677826
8.2	1980	508.5788128
9.2	1980	512.0486751
10.2	1980	515.1735265
11.2	1980	518.0158252
12.2	1980	520.62235
13.2	1980	523.0290674
14.2	1980	525.264241
15.2	1980	527.3504945
16.2	1980	529.306226
17.2	1980	531.1466038
18.2	1980	532.8842841
19.2	1980	534.5299395
20.2	1980	536.0926551
21.2	1980	537.58023
22.2	1980	538.9994102
23.2	1980	540.3560712
24.2	1980	541.6553623
25.2	1980	542.9018221
26.2	1980	544.1015361
27.2	1980	545.2541158
28.2	1980	546.364673
29.2	1980	547.4360826
30.2	1980	548.4709362
31.2	1980	549.4715781
32.2	1980	550.4401364
33.2	1980	551.3785483
34.2	1980	552.2885828
35.2	1980	553.1718598
36.2	1980	554.0298661
37.2	1980	554.8639701
38.2	1980	555.6754339
39.2	1980	556.4654239
40.2	1980	557.2350207
41.2	1980	557.9852271
42.2	1980	558.7169753
43.2	1980	559.4311337
44.2	1980	560.1285125
45.2	1980	560.8098687
46.2	1980	561.4759107
47.2	1980	562.1273025
48.2	1980	562.7646673
49.2	1980	563.3885906
50.2	1980	563.9996235
51.2	1980	564.5982851
52.2	1980	565.1850649
53.2	1980	565.7604253
54.2	1980	566.3248032
55.2	1980	566.878612
56.2	1980	567.4222435
57.2	1980	567.9560688
58.2	1980	568.4804402
59.2	1980	568.9956922
60.2	1980	569.502143
61.2	1980	570.0000949
62.2	1980	570.4898361
63.2	1980	570.971641
64.2	1980	571.4457711
65.2	1980	571.9124763
66.2	1980	572.3719947
67.2	1980	572.8245543
68.2	1980	573.2703727
69.2	1980	573.7096582
70.2	1980	574.1426102
71.2	1980	574.5694197
72.2	1980	574.9902697
73.2	1980	575.4053356
74.2	1980	575.814786
0.2	2020	421.2927755
1.2	2020	467.4531578
2.2	2020	484.6843928
3.2	2020	495.7230497
4.2	2020	503.9091948
5.2	2020	510.4357176
6.2	2020	515.8711144
7.2	2020	520.5322702
8.2	2020	524.6144619
9.2	2020	528.2467872
10.2	2020	531.519162
11.2	2020	534.4967883
12.2	2020	537.2284913
13.2	2020	539.7518047
14.2	2020	542.0962189
15.2	2020	544.285337
16.2	2020	546.3383508
17.2	2020	548.271081
18.2	2020	550.096727
19.2	2020	551.826418
20.2	2020	553.4696269
21.2	2020	555.0344849
22.2	2020	556.5280244
23.2	2020	557.9563701
24.2	2020	559.3248887
25.2	2020	560.6383104
26.2	2020	561.9008257
27.2	2020	563.1161654
28.2	2020	564.2876652
29.2	2020	565.4183205
30.2	2020	566.5108309
31.2	2020	567.5676384
32.2	2020	568.5931603
33.2	2020	569.5851472
34.2	2020	570.5475104
35.2	2020	571.4819364
36.2	2020	572.389973
37.2	2020	573.2730448
38.2	2020	574.1324654
39.2	2020	574.9694488
40.2	2020	575.7851195
41.2	2020	576.580521
42.2	2020	577.3566233
43.2	2020	578.1143298
44.2	2020	578.8544835
45.2	2020	579.5778716
46.2	2020	580.2852312
47.2	2020	580.9772528
48.2	2020	581.6545844
49.2	2020	582.3178351
50.2	2020	582.9675778
51.2	2020	583.6043523
52.2	2020	584.2286677
53.2	2020	584.8410047
54.2	2020	585.4418175
55.2	2020	586.031536
56.2	2020	586.6105674
57.2	2020	587.1792977
58.2	2020	587.7380931
59.2	2020	588.2873014
60.2	2020	588.8272533
61.2	2020	589.3582634
62.2	2020	589.8806311
63.2	2020	590.3946419
64.2	2020	590.9005677
65.2	2020	591.3986683
66.2	2020	591.8891916
67.2	2020	592.3723745
68.2	2020	592.8484435
69.2	2020	593.3176153
70.2	2020	593.7800974
71.2	2020	594.2360886
72.2	2020	594.6857793
73.2	2020	595.1293522
74.2	2020	595.5669825
0.2	2060	433.2774309
1.2	2060	481.5729318
2.2	2060	499.5650031
3.2	2060	511.0867892
4.2	2060	519.6308749
5.2	2060	526.4434847
6.2	2060	532.118184
7.2	2060	536.9856896
8.2	2060	541.2497335
9.2	2060	545.0449663
10.2	2060	548.4651495
11.2	2060	551.5782603
12.2	2060	554.4351929
13.2	2060	557.0750656
14.2	2060	559.5286096
15.2	2060	561.8204173
16.2	2060	563.9704833
17.2	2060	565.9952878
18.2	2060	567.908579
19.2	2060	569.7219479
20.2	2060	571.4452592
21.2	2060	573.0869799
22.2	2060	574.6544321
23.2	2060	576.1539921
24.2	2060	577.5912469
25.2	2060	578.9711202
26.2	2060	580.2979737
27.2	2060	581.5756901
28.2	2060	582.807741
29.2	2060	583.9972432
30.2	2060	585.1470057
31.2	2060	586.2595694
32.2	2060	587.3372397
33.2	2060	588.3821156
34.2	2060	589.3961132
35.2	2060	590.3809867
36.2	2060	591.3383462
37.2	2060	592.2696731
38.2	2060	593.1763335
39.2	2060	594.0618884
40.2	2060	594.9230214
41.2	2060	595.7630063
42.2	2060	596.5828514
43.2	2060	597.383496
44.2	2060	598.165816
45.2	2060	598.9306299
46.2	2060	599.6787037
47.2	2060	600.410755
48.2	2060	601.1274574
49.2	2060	601.8294435
50.2	2060	602.517309
51.2	2060	603.1916145
52.2	2060	603.8528891
53.2	2060	604.5016322
54.2	2060	605.1383158
55.2	2060	605.7633865
56.2	2060	606.3772674
57.2	2060	606.9803594
58.2	2060	607.573043
59.2	2060	608.1556798
60.2	2060	608.7286131
61.2	2060	609.2921699
62.2	2060	609.8466612
63.2	2060	610.3923836
64.2	2060	610.9296198
65.2	2060	611.4586397
66.2	2060	611.9797008
67.2	2060	612.4930494
68.2	2060	612.9989208
69.2	2060	613.4975404
70.2	2060	613.9891237
71.2	2060	614.4738775
72.2	2060	614.9519996
73.2	2060	615.4236802
74.2	2060	615.8891013
0.2	2100	445.8250904
1.2	2100	496.2834871
2.2	2100	515.0447936
3.2	2100	527.0544564
4.2	2100	535.95964
5.2	2100	543.0606009
6.2	2100	548.9762964
7.2	2100	554.0514503
8.2	2100	558.4983551
9.2	2100	562.4572828
10.2	2100	566.0258873
11.2	2100	569.2749545
12.2	2100	572.2574726
13.2	2100	575.0141632
14.2	2100	577.5770126
15.2	2100	579.9716149
16.2	2100	582.2187762
17.2	2100	584.3356443
18.2	2100	586.3365225
19.2	2100	588.2334689
20.2	2100	590.0367448
21.2	2100	591.7551568
22.2	2100	593.3963203
23.2	2100	594.9668661
24.2	2100	596.472604
25.2	2100	597.9186537
26.2	2100	599.3095502
27.2	2100	600.64933
28.2	2100	601.9416021
29.2	2100	603.1896065
30.2	2100	604.396263
31.2	2100	605.5642123
32.2	2100	606.6958507
33.2	2100	607.7933593
34.2	2100	608.8587294
35.2	2100	609.8937837
36.2	2100	610.9001952
37.2	2100	611.879503
38.2	2100	612.8331262
39.2	2100	613.7623766
40.2	2100	614.6684686
41.2	2100	615.5525291
42.2	2100	616.4156058
43.2	2100	617.258674
44.2	2100	618.0826438
45.2	2100	618.8883652
46.2	2100	619.6766336
47.2	2100	620.4481943
48.2	2100	621.2037469
49.2	2100	621.9464496
50.2	2100	622.6720082
51.2	2100	623.3834171
52.2	2100	624.0812254
53.2	2100	624.7659518
54.2	2100	625.4380862
55.2	2100	626.0980924
56.2	2100	626.7464096
57.2	2100	627.383454
58.2	2100	628.0096207
59.2	2100	628.6252849
60.2	2100	629.2308032
61.2	2100	629.826515
62.2	2100	630.4127433
63.2	2100	630.989796
64.2	2100	631.5579665
65.2	2100	632.1175351
66.2	2100	632.6687692
67.2	2100	633.2119245
68.2	2100	633.7472455
69.2	2100	634.274966
70.2	2100	634.79531
71.2	2100	635.3084921
72.2	2100	635.814718
73.2	2100	636.3141849
74.2	2100	636.8070822
0.2	2140	458.9448632
1.2	2140	511.5949393
2.2	2140	531.1345385
3.2	2140	543.6373488
4.2	2140	552.9072319
5.2	2140	560.2992035
6.2	2140	566.4579494
7.2	2140	571.742384
8.2	2140	576.3734719
9.2	2140	580.4971784
10.2	2140	584.2151001
11.2	2140	587.600867
12.2	2140	590.7095878
13.2	2140	593.5836075
14.2	2140	596.2561836
15.2	2140	598.753924
16.2	2140	601.0984567
17.2	2140	603.3076051
18.2	2140	605.3962349
19.2	2140	607.376877
20.2	2140	609.2601942
21.2	2140	611.0553369
22.2	2140	612.7702174
23.2	2140	614.4117245
24.2	2140	615.9858936
25.2	2140	617.4980426
26.2	2140	618.9528822
27.2	2140	620.3546048
28.2	2140	621.7069586
29.2	2140	623.0133082
30.2	2140	624.2766858
31.2	2140	625.4998334
32.2	2140	626.6852392
33.2	2140	627.8351677
34.2	2140	628.9516864
35.2	2140	630.0366874
36.2	2140	631.0919076
37.2	2140	632.1189446
38.2	2140	633.1192716
39.2	2140	634.0942499
40.2	2140	635.0451402
41.2	2140	635.973112
42.2	2140	636.8792525
43.2	2140	637.764574
44.2	2140	638.6300208
45.2	2140	639.4764751
46.2	2140	640.3047621
47.2	2140	641.1156553
48.2	2140	641.9098803
49.2	2140	642.6881192
50.2	2140	643.4510132
51.2	2140	644.1991667
52.2	2140	644.9331495
53.2	2140	645.6534996
54.2	2140	646.3607255
55.2	2140	647.0553083
56.2	2140	647.7377037
57.2	2140	648.4083435
58.2	2140	649.0676376
59.2	2140	649.7159754
60.2	2140	650.3537268
61.2	2140	650.981244
62.2	2140	651.598862
63.2	2140	652.2096194
64.2	2140	652.808449
65.2	2140	653.398294
66.2	2140	653.9794321
67.2	2140	654.5521283
68.2	2140	655.1166364
69.2	2140	655.6731991
70.2	2140	656.2220487
71.2	2140	656.7634079
72.2	2140	657.2974902
73.2	2140	657.8245003
74.2	2140	658.3446347
0.2	2180	472.6457874
1.2	2180	527.5173167
2.2	2180	547.8448766
3.2	2180	560.8465791
4.2	2180	570.4851642
5.2	2180	578.1711599
6.2	2180	584.5753311
7.2	2180	590.0709748
8.2	2180	594.8878442
9.2	2180	599.1776747
10.2	2180	603.0460574
11.2	2180	606.5695047
12.2	2180	609.8052736
13.2	2180	612.797354
14.2	2180	615.5802912
15.2	2180	618.1817204
16.2	2180	620.6241023
17.2	2180	622.9259448
18.2	2180	625.1026832
19.2	2180	627.1673274
20.2	2180	629.1309471
21.2	2180	631.0030413
22.2	2180	632.7918227
23.2	2180	634.5044417
24.2	2180	636.1471621
25.2	2180	637.7255032
26.2	2180	639.2443533
27.2	2180	640.7080628
28.2	2180	642.1205211
29.2	2180	643.4852193
30.2	2180	644.8053034
31.2	2180	646.083618
32.2	2180	647.3227446
33.2	2180	648.5250324
34.2	2180	649.6926259
35.2	2180	650.8274881
36.2	2180	651.9314202
37.2	2180	653.0060795
38.2	2180	654.0529938
39.2	2180	655.073575
40.2	2180	656.0691306
41.2	2180	657.0408733
42.2	2180	657.9899306
43.2	2180	658.9173523
44.2	2180	659.8241175
45.2	2180	660.7111409
46.2	2180	661.5792783
47.2	2180	662.4293316
48.2	2180	663.2620531
49.2	2180	664.0781499
50.2	2180	664.8782871
51.2	2180	665.663091
52.2	2180	666.4331525
53.2	2180	667.1890293
54.2	2180	667.9312485
55.2	2180	668.6603088
56.2	2180	669.3766828
57.2	2180	670.080818
58.2	2180	670.7731395
59.2	2180	671.4540508
60.2	2180	672.1239354
61.2	2180	672.7831584
62.2	2180	673.4320672
63.2	2180	674.070993
64.2	2180	674.7002514
65.2	2180	675.3201439
66.2	2180	675.9309581
67.2	2180	676.5329692
68.2	2180	677.1264402
69.2	2180	677.7116226
70.2	2180	678.2887575
71.2	2180	678.8580757
72.2	2180	679.4197987
73.2	2180	679.9741387
74.2	2180	680.5212996
0.2	2220	486.9368876
1.2	2220	544.0606438
2.2	2220	565.1864097
3.2	2220	578.6931904
4.2	2220	588.7048491
5.2	2220	596.6882056
6.2	2220	603.3404681
7.2	2220	609.0495168
8.2	2220	614.0540154
9.2	2220	618.5115489
10.2	2220	622.5317587
11.2	2220	626.1940787
12.2	2220	629.5579441
13.2	2220	632.6690124
14.2	2220	635.5631342
15.2	2220	638.268986
16.2	2220	640.8098729
17.2	2220	643.2049966
18.2	2220	645.4703698
19.2	2220	647.619488
20.2	2220	649.6638335
21.2	2220	651.6132583
22.2	2220	653.4762804
23.2	2220	655.2603147
24.2	2220	656.9718572
25.2	2220	658.6166308
26.2	2220	660.1997043
27.2	2220	661.7255884
28.2	2220	663.1983154
29.2	2220	664.6215049
30.2	2220	665.998418
31.2	2220	667.3320041
32.2	2220	668.6249386
33.2	2220	669.879657
34.2	2220	671.098382
35.2	2220	672.2831481
36.2	2220	673.4358224
37.2	2220	674.5581223
38.2	2220	675.6516313
39.2	2220	676.7178127
40.2	2220	677.7580211
41.2	2220	678.7735137
42.2	2220	679.7654585
43.2	2220	680.7349435
44.2	2220	681.6829843
45.2	2220	682.6105264
46.2	2220	683.5184575
47.2	2220	684.4076087
48.2	2220	685.2787595
49.2	2220	686.1326423
50.2	2220	686.9699462
51.2	2220	687.7913202
52.2	2220	688.5973763
53.2	2220	689.3886925
54.2	2220	690.1658147
55.2	2220	690.9292597
56.2	2220	691.6795169
57.2	2220	692.4170502
58.2	2220	693.1422996
59.2	2220	693.8556834
60.2	2220	694.5575988
61.2	2220	695.248424
62.2	2220	695.928519
63.2	2220	696.5982267
64.2	2220	697.2578744
65.2	2220	697.9077741
66.2	2220	698.548224
67.2	2220	699.1795091
68.2	2220	699.8019018
69.2	2220	700.4156629
70.2	2220	701.0210421
71.2	2220	701.6182785
72.2	2220	702.2076015
73.2	2220	702.7892311
74.2	2220	703.3633785
0.2	2260	501.8272288
1.2	2260	561.235012
2.2	2260	583.1697901
3.2	2260	597.188255
4.2	2260	607.5777067
5.2	2260	615.8620627
6.2	2260	622.7653534
7.2	2260	628.6902503
8.2	2260	633.8844549
9.2	2260	638.5114854
10.2	2260	642.685091
11.2	2260	646.4876691
12.2	2260	649.980864
13.2	2260	653.2120245
14.2	2260	656.2183252
15.2	2260	659.029499
16.2	2260	661.669707
17.2	2260	664.1588548
18.2	2260	666.5135407
19.2	2260	668.7477531
20.2	2260	670.8733924
21.2	2260	672.900669
22.2	2260	674.8384101
23.2	2260	676.6942997
24.2	2260	678.4750686
25.2	2260	680.1866468
26.2	2260	681.8342859
27.2	2260	683.4226593
28.2	2260	684.9559446
29.2	2260	686.4378913
30.2	2260	687.8718779
31.2	2260	689.2609594
32.2	2260	690.6079074
33.2	2260	691.9152443
34.2	2260	693.1852725
35.2	2260	694.4200991
36.2	2260	695.6216591
37.2	2260	696.7917288
38.2	2260	697.9319492
39.2	2260	699.0438357
40.2	2260	700.1287914
41.2	2260	701.1881179
42.2	2260	702.2230248
43.2	2260	703.2346386
44.2	2260	704.22401
45.2	2260	705.1921201
46.2	2260	706.1398873
47.2	2260	707.0681718
48.2	2260	707.9777807
49.2	2260	708.8694725
50.2	2260	709.7439606
51.2	2260	710.6019168
52.2	2260	711.443975
53.2	2260	712.2707334
54.2	2260	713.0827573
55.2	2260	713.8805818
56.2	2260	714.6647134
57.2	2260	715.4356324
58.2	2260	716.1937946
59.2	2260	716.9396328
60.2	2260	717.6735583
61.2	2260	718.3959627
62.2	2260	719.1072186
63.2	2260	719.8076811
64.2	2260	720.497689
65.2	2260	721.1775655
66.2	2260	721.8476191
67.2	2260	722.508145
68.2	2260	723.1594252
69.2	2260	723.8017297
70.2	2260	724.435317
71.2	2260	725.0604349
72.2	2260	725.6773207
73.2	2260	726.2862023
74.2	2260	726.8872983
0.2	2300	517.3259595
1.2	2300	579.0506449
2.2	2300	601.8057967
3.2	2300	616.3429616
4.2	2300	627.1152608
5.2	2300	635.7045445
6.2	2300	642.8620576
7.2	2300	649.0054797
8.2	2300	654.3916831
9.2	2300	659.190206
10.2	2300	663.5189659
11.2	2300	667.4633674
12.2	2300	671.0872963
13.2	2300	674.4398176
14.2	2300	677.5594497
15.2	2300	680.4769972
16.2	2300	683.21749
17.2	2300	685.8015481
18.2	2300	688.2463642
19.2	2300	690.5664264
20.2	2300	692.7740599
21.2	2300	694.8798389
22.2	2300	696.8929042
23.2	2300	698.8212127
24.2	2300	700.6717341
25.2	2300	702.4506083
26.2	2300	704.1632725
27.2	2300	705.8145653
28.2	2300	707.4088117
29.2	2300	708.9498933
30.2	2300	710.4413076
31.2	2300	711.886217
32.2	2300	713.2874919
33.2	2300	714.6477404
34.2	2300	715.9693472
35.2	2300	717.2544931
36.2	2300	718.5051796
37.2	2300	719.7232477
38.2	2300	720.9103945
39.2	2300	722.0681884
40.2	2300	723.1980814
41.2	2300	724.3014204
42.2	2300	725.3794574
43.2	2300	726.4333581
44.2	2300	727.4642097
45.2	2300	728.4730275
46.2	2300	729.4607618
47.2	2300	730.4283028
48.2	2300	731.3764856
49.2	2300	732.3060951
50.2	2300	733.2178693
51.2	2300	734.1125037
52.2	2300	734.9906538
53.2	2300	735.8529388
54.2	2300	736.6999436
55.2	2300	737.5322217
56.2	2300	738.3502973
57.2	2300	739.1546674
58.2	2300	739.9458034
59.2	2300	740.7241533
60.2	2300	741.4901427
61.2	2300	742.2441767
62.2	2300	742.9866407
63.2	2300	743.7179024
64.2	2300	744.438312
65.2	2300	745.1482041
66.2	2300	745.8478981
67.2	2300	746.5376991
68.2	2300	747.2178991
69.2	2300	747.8887775
70.2	2300	748.5506017
71.2	2300	749.203628
72.2	2300	749.8481022
73.2	2300	750.48426
74.2	2300	751.1123277
0.2	2340	533.4423592
1.2	2340	597.5179562
2.2	2340	621.1054051
3.2	2340	636.1686937
4.2	2340	647.3292256
5.2	2340	656.2276479
6.2	2340	663.6428279
7.2	2340	670.0076788
8.2	2340	675.5883816
9.2	2340	680.5605857
10.2	2340	685.0464401
11.2	2340	689.1344017
12.2	2340	692.8906322
13.2	2340	696.365939
14.2	2340	699.6002044
15.2	2340	702.6253213
16.2	2340	705.4672018
17.2	2340	708.147191
18.2	2340	710.6830852
19.2	2340	713.0898802
20.2	2340	715.3803322
21.2	2340	717.5653847
22.2	2340	719.6544974
23.2	2340	721.6559042
24.2	2340	723.5768172
25.2	2340	725.4235895
26.2	2340	727.2018471
27.2	2340	728.9165962
28.2	2340	730.5723114
29.2	2340	732.17301
30.2	2340	733.7223078
31.2	2340	735.2234775
32.2	2340	736.679487
33.2	2340	738.0930373
34.2	2340	739.4665935
35.2	2340	740.8024117
36.2	2340	742.1025621
37.2	2340	743.3689488
38.2	2340	744.6033275
39.2	2340	745.8073201
40.2	2340	746.9824284
41.2	2340	748.1300456
42.2	2340	749.2514666
43.2	2340	750.3478969
44.2	2340	751.4204608
45.2	2340	752.4702086
46.2	2340	753.4981228
47.2	2340	754.5051241
48.2	2340	755.4920762
49.2	2340	756.4597907
50.2	2340	757.409031
51.2	2340	758.3405161
52.2	2340	759.254924
53.2	2340	760.1528948
54.2	2340	761.0350336
55.2	2340	761.9019127
56.2	2340	762.7540743
57.2	2340	763.592032
58.2	2340	764.4162737
59.2	2340	765.2272623
60.2	2340	766.0254381
61.2	2340	766.8112199
62.2	2340	767.5850064
63.2	2340	768.3471777
64.2	2340	769.0980961
65.2	2340	769.8381075
66.2	2340	770.5675421
67.2	2340	771.2867156
68.2	2340	771.9959299
69.2	2340	772.6954739
70.2	2340	773.3856242
71.2	2340	774.0666458
72.2	2340	774.738793
73.2	2340	775.4023095
74.2	2340	776.0574292
