R134a
p [Bar]
s [J/(kg K)]
H gas [kJ/kg]
0.200	1580.000	323.6797699
0.200	1620.000	330.1862932
0.200	1660.000	337.1217235
0.200	1700.000	344.5037595
0.200	1740.000	352.3483221
0.200	1780.000	360.6698424
0.200	1820.000	369.4815165
0.200	1860.000	378.7955233
0.200	1900.000	388.6232142
0.200	1940.000	398.9752774
0.200	1980.000	409.8618775
0.200	2020.000	421.2927755
0.200	2060.000	433.2774309
0.200	2100.000	445.8250904
0.200	2140.000	458.9448632
0.200	2180.000	472.6457874
0.200	2220.000	486.9368876
0.200	2260.000	501.8272288
0.200	2300.000	517.3259595
0.200	2340.000	533.4423592
1.200	1580.000	347.7529106
1.200	1620.000	356.2079173
1.200	1660.000	365.0915968
1.200	1700.000	374.4275293
1.200	1740.000	384.2362501
1.200	1780.000	394.5358595
1.200	1820.000	405.3425038
1.200	1860.000	416.6707633
1.200	1900.000	428.5339709
1.200	1940.000	440.9444767
1.200	1980.000	453.9138688
1.200	2020.000	467.4531578
1.200	2060.000	481.5729318
1.200	2100.000	496.2834871
1.200	2140.000	511.5949393
1.200	2180.000	527.5173167
1.200	2220.000	544.0606438
1.200	2260.000	561.235012
1.200	2300.000	579.0506449
1.200	2340.000	597.5179562
2.200	1580.000	356.840177
2.200	1620.000	366.0528877
2.200	1660.000	375.6833164
2.200	1700.000	385.7572917
2.200	1740.000	396.298835
2.200	1780.000	407.3288817
2.200	1820.000	418.8659014
2.200	1860.000	430.9263902
2.200	1900.000	443.5252694
2.200	1940.000	456.6762157
2.200	1980.000	470.3919353
2.200	2020.000	484.6843928
2.200	2060.000	499.5650031
2.200	2100.000	515.0447936
2.200	2140.000	531.1345385
2.200	2180.000	547.8448766
2.200	2220.000	565.1864097
2.200	2260.000	583.1697901
2.200	2300.000	601.8057967
2.200	2340.000	621.1054051
3.200	1580.000	362.6073599
3.200	1620.000	372.3269085
3.200	1660.000	382.4483668
3.200	1700.000	393.0061205
3.200	1740.000	404.0249487
3.200	1780.000	415.5281364
3.200	1820.000	427.536079
3.200	1860.000	440.0668609
3.200	1900.000	453.1367206
3.200	1940.000	466.7604334
3.200	1980.000	480.9516277
3.200	2020.000	495.7230497
3.200	2060.000	511.0867892
3.200	2100.000	527.0544564
3.200	2140.000	543.6373488
3.200	2180.000	560.8465791
3.200	2220.000	578.6931904
3.200	2260.000	597.188255
3.200	2300.000	616.3429616
3.200	2340.000	636.1686937
4.200	1580.000	366.8284129
4.200	1620.000	376.9367091
4.200	1660.000	387.4357805
4.200	1700.000	398.3590239
4.200	1740.000	409.7385906
4.200	1780.000	421.5978841
4.200	1820.000	433.9589974
4.200	1860.000	446.841412
4.200	1900.000	460.2625229
4.200	1940.000	474.238068
4.200	1980.000	488.7824826
4.200	2020.000	503.9091948
4.200	2060.000	519.6308749
4.200	2100.000	535.95964
4.200	2140.000	552.9072319
4.200	2180.000	570.4851642
4.200	2220.000	588.7048491
4.200	2260.000	607.5777067
4.200	2300.000	627.1152608
4.200	2340.000	647.3292256
5.200	1580.000	370.1438578
5.200	1620.000	380.57296
5.200	1660.000	391.3807577
5.200	1700.000	402.6049286
5.200	1740.000	414.2761094
5.200	1780.000	426.423918
5.200	1820.000	439.0702976
5.200	1860.000	452.2360018
5.200	1900.000	465.9394761
5.200	1940.000	480.1973309
5.200	1980.000	495.0247304
5.200	2020.000	510.4357176
5.200	2060.000	526.4434847
5.200	2100.000	543.0606009
5.200	2140.000	560.2992035
5.200	2180.000	578.1711599
5.200	2220.000	596.6882056
5.200	2260.000	615.8620627
5.200	2300.000	635.7045445
5.200	2340.000	656.2276479
6.200	1580.000	372.8610001
6.200	1620.000	383.5663678
6.200	1660.000	394.6385311
6.200	1700.000	406.1182253
6.200	1740.000	418.0379781
6.200	1780.000	430.4300898
6.200	1820.000	443.3173648
6.200	1860.000	456.7217421
6.200	1900.000	470.6626427
6.200	1940.000	485.1574845
6.200	1980.000	500.2221054
6.200	2020.000	515.8711144
6.200	2060.000	532.118184
6.200	2100.000	548.9762964
6.200	2140.000	566.4579494
6.200	2180.000	584.5753311
6.200	2220.000	603.3404681
6.200	2260.000	622.7653534
6.200	2300.000	642.8620576
6.200	2340.000	663.6428279
7.200	1580.000	375.1519049
7.200	1620.000	386.1020969
7.200	1660.000	397.4072394
7.200	1700.000	409.1111595
7.200	1740.000	421.2500506
7.200	1780.000	433.8533464
7.200	1820.000	446.9501763
7.200	1860.000	460.5617347
7.200	1900.000	474.7083622
7.200	1940.000	489.4082361
7.200	1980.000	504.677826
7.200	2020.000	520.5322702
7.200	2060.000	536.9856896
7.200	2100.000	554.0514503
7.200	2140.000	571.742384
7.200	2180.000	590.0709748
7.200	2220.000	609.0495168
7.200	2260.000	628.6902503
7.200	2300.000	649.0054797
7.200	2340.000	670.0076788
8.200	1580.000	377.1229448
8.200	1620.000	388.2946325
8.200	1660.000	399.809373
8.200	1700.000	411.7141774
8.200	1740.000	424.0474682
8.200	1780.000	436.8400324
8.200	1820.000	450.1230657
8.200	1860.000	463.9183531
8.200	1900.000	478.2471122
8.200	1940.000	493.1282426
8.200	1980.000	508.5788128
8.200	2020.000	524.6144619
8.200	2060.000	541.2497335
8.200	2100.000	558.4983551
8.200	2140.000	576.3734719
8.200	2180.000	594.8878442
8.200	2220.000	614.0540154
8.200	2260.000	633.8844549
8.200	2300.000	654.3916831
8.200	2340.000	675.5883816
9.200	1580.000	378.8446091
9.200	1620.000	390.2198578
9.200	1660.000	401.9261166
9.200	1700.000	414.0137205
9.200	1740.000	426.5233436
9.200	1780.000	439.4889342
9.200	1820.000	452.9382182
9.200	1860.000	466.8990719
9.200	1900.000	481.3916964
9.200	1940.000	496.4356837
9.200	1980.000	512.0486751
9.200	2020.000	528.2467872
9.200	2060.000	545.0449663
9.200	2100.000	562.4572828
9.200	2140.000	580.4971784
9.200	2180.000	599.1776747
9.200	2220.000	618.5115489
9.200	2260.000	638.5114854
9.200	2300.000	659.190206
9.200	2340.000	680.5605857
10.200	1580.000	380.3674026
10.200	1620.000	391.9307374
10.200	1660.000	403.8141341
10.200	1700.000	416.0701128
10.200	1740.000	428.7416446
10.200	1780.000	441.8643309
10.200	1820.000	455.4668952
10.200	1860.000	469.5788221
10.200	1900.000	484.2207407
10.200	1940.000	499.4129113
10.200	1980.000	515.1735265
10.200	2020.000	531.519162
10.200	2060.000	548.4651495
10.200	2100.000	566.0258873
10.200	2140.000	584.2151001
10.200	2180.000	603.0460574
10.200	2220.000	622.5317587
10.200	2260.000	642.685091
10.200	2300.000	663.5189659
10.200	2340.000	685.0464401
11.200	1580.000	381.7230825
11.200	1620.000	393.4657484
11.200	1660.000	405.5145895
11.200	1700.000	417.927172
11.200	1740.000	430.7488274
11.200	1780.000	444.0168183
11.200	1820.000	457.7625864
11.200	1860.000	472.0119872
11.200	1900.000	486.791297
11.200	1940.000	502.1196676
11.200	1980.000	518.0158252
11.200	2020.000	534.4967883
11.200	2060.000	551.5782603
11.200	2100.000	569.2749545
11.200	2140.000	587.600867
11.200	2180.000	606.5695047
11.200	2220.000	626.1940787
11.200	2260.000	646.4876691
11.200	2300.000	667.4633674
11.200	2340.000	689.1344017
12.200	1580.000	382.9424108
12.200	1620.000	394.8537518
12.200	1660.000	407.0583586
12.200	1700.000	419.6177598
12.200	1740.000	432.5797265
12.200	1780.000	445.9831996
12.200	1820.000	459.8608631
12.200	1860.000	474.2393218
12.200	1900.000	489.1461118
12.200	1940.000	504.6007062
12.200	1980.000	520.62235
12.200	2020.000	537.2284913
12.200	2060.000	554.4351929
12.200	2100.000	572.2574726
12.200	2140.000	590.7095878
12.200	2180.000	609.8052736
12.200	2220.000	629.5579441
12.200	2260.000	649.980864
12.200	2300.000	671.0872963
12.200	2340.000	692.8906322
13.200	1580.000	384.0447785
13.200	1620.000	396.1169663
13.200	1660.000	408.4692132
13.200	1700.000	421.1671734
13.200	1740.000	434.2611533
13.200	1780.000	447.7917968
13.200	1820.000	461.7930293
13.200	1860.000	476.2921775
13.200	1900.000	491.3180626
13.200	1940.000	506.8904422
13.200	1980.000	523.0290674
13.200	2020.000	539.7518047
13.200	2060.000	557.0750656
13.200	2100.000	575.0141632
13.200	2140.000	593.5836075
13.200	2180.000	612.797354
13.200	2220.000	632.6690124
13.200	2260.000	653.2120245
13.200	2300.000	674.4398176
13.200	2340.000	696.365939
14.200	1580.000	385.0468587
14.200	1620.000	397.2709155
14.200	1660.000	409.7658598
14.200	1700.000	422.5953156
14.200	1740.000	435.8141978
14.200	1780.000	449.464884
14.200	1820.000	463.5825441
14.200	1860.000	478.1970558
14.200	1900.000	493.3329933
14.200	1940.000	509.015924
14.200	1980.000	525.264241
14.200	2020.000	542.0962189
14.200	2060.000	559.5286096
14.200	2100.000	577.5770126
14.200	2140.000	596.2561836
14.200	2180.000	615.5802912
14.200	2220.000	635.5631342
14.200	2260.000	656.2183252
14.200	2300.000	677.5594497
14.200	2340.000	699.6002044
15.200	1580.000	385.9636174
15.200	1620.000	398.3413816
15.200	1660.000	410.9632937
15.200	1700.000	423.9181365
15.200	1740.000	437.2557582
15.200	1780.000	451.0203047
15.200	1820.000	465.2481971
15.200	1860.000	479.9702529
15.200	1900.000	495.2115973
15.200	1940.000	510.9988059
15.200	1980.000	527.3504945
15.200	2020.000	544.285337
15.200	2060.000	561.8204173
15.200	2100.000	579.9716149
15.200	2140.000	598.753924
15.200	2180.000	618.1817204
15.200	2220.000	638.268986
15.200	2260.000	659.029499
15.200	2300.000	680.4769972
15.200	2340.000	702.6253213
16.200	1580.000	386.7958929
16.200	1620.000	399.3163591
16.200	1660.000	412.073729
16.200	1700.000	425.148623
16.200	1740.000	438.5995896
16.200	1780.000	452.4725808
16.200	1820.000	466.8052773
16.200	1860.000	481.6294339
16.200	1900.000	496.9707072
16.200	1940.000	512.8567
16.200	1980.000	529.306226
16.200	2020.000	546.3383508
16.200	2060.000	563.9704833
16.200	2100.000	582.2187762
16.200	2140.000	601.0984567
16.200	2180.000	620.6241023
16.200	2220.000	640.8098729
16.200	2260.000	661.669707
16.200	2300.000	683.21749
16.200	2340.000	705.4672018
17.200	1580.000	387.5642408
17.200	1620.000	400.2248013
17.200	1660.000	413.1072536
17.200	1700.000	426.297496
17.200	1740.000	439.8570434
17.200	1780.000	453.8336935
17.200	1820.000	468.2663967
17.200	1860.000	483.1878435
17.200	1900.000	498.6260421
17.200	1940.000	514.6041284
17.200	1980.000	531.1466038
17.200	2020.000	548.271081
17.200	2060.000	565.9952878
17.200	2100.000	584.3356443
17.200	2140.000	603.3076051
17.200	2180.000	622.9259448
17.200	2220.000	643.2049966
17.200	2260.000	664.1588548
17.200	2300.000	685.8015481
17.200	2340.000	708.147191
18.200	1580.000	388.2796681
18.200	1620.000	401.0688094
18.200	1660.000	414.0723024
18.200	1700.000	427.3737134
18.200	1740.000	441.0376007
18.200	1780.000	455.1136474
18.200	1820.000	469.6420845
18.200	1860.000	484.6565375
18.200	1900.000	500.18573
18.200	1940.000	516.2532095
18.200	1980.000	532.8842841
18.200	2020.000	550.096727
18.200	2060.000	567.908579
18.200	2100.000	586.3365225
18.200	2140.000	605.3962349
18.200	2180.000	625.1026832
18.200	2220.000	645.4703698
18.200	2260.000	666.5135407
18.200	2300.000	688.2463642
18.200	2340.000	710.6830852
19.200	1580.000	388.9276981
19.200	1620.000	401.8551643
19.200	1660.000	414.9760055
19.200	1700.000	428.3848408
19.200	1740.000	442.1492654
19.200	1780.000	456.3208858
19.200	1820.000	470.9412247
19.200	1860.000	486.0448424
19.200	1900.000	501.661174
19.200	1940.000	517.8141637
19.200	1980.000	534.5299395
19.200	2020.000	551.826418
19.200	2060.000	569.7219479
19.200	2100.000	588.2334689
19.200	2140.000	607.376877
19.200	2180.000	627.1673274
19.200	2220.000	647.619488
19.200	2260.000	668.7477531
19.200	2300.000	690.5664264
19.200	2340.000	713.0898802
20.200	1580.000	389.5316596
20.200	1620.000	402.5898061
20.200	1660.000	415.8212757
20.200	1700.000	429.3373298
20.200	1740.000	443.1988585
20.200	1780.000	457.4626017
20.200	1820.000	472.1713839
20.200	1860.000	487.3607007
20.200	1900.000	503.0606941
20.200	1940.000	519.2956921
20.200	1980.000	536.0926551
20.200	2020.000	553.4696269
20.200	2060.000	571.4452592
20.200	2100.000	590.0367448
20.200	2140.000	609.2601942
20.200	2180.000	629.1309471
20.200	2220.000	649.6638335
20.200	2260.000	670.8733924
20.200	2300.000	692.7740599
20.200	2340.000	715.3803322
21.200	1580.000	393.2319475
21.200	1620.000	403.2781845
21.200	1660.000	416.6249226
21.200	1700.000	430.2367294
21.200	1740.000	444.1922428
21.200	1780.000	458.5449751
21.200	1820.000	473.3390617
21.200	1860.000	488.610933
21.200	1900.000	504.3914347
21.200	1940.000	520.7071926
21.200	1980.000	537.58023
21.200	2020.000	555.0344849
21.200	2060.000	573.0869799
21.200	2100.000	591.7551568
21.200	2140.000	611.0553369
21.200	2180.000	631.0030413
21.200	2220.000	651.6132583
21.200	2260.000	672.900669
21.200	2300.000	694.8798389
21.200	2340.000	717.5653847
22.200	1580.000	396.8230853
22.200	1620.000	403.9257401
22.200	1660.000	417.3758509
22.200	1700.000	431.0878502
22.200	1740.000	445.1344966
22.200	1780.000	459.5733566
22.200	1820.000	474.4498832
22.200	1860.000	489.8014415
22.200	1900.000	505.6595766
22.200	1940.000	522.0514582
22.200	1980.000	538.9994102
22.200	2020.000	556.5280244
22.200	2060.000	574.6544321
22.200	2100.000	593.3963203
22.200	2140.000	612.7702174
22.200	2180.000	632.7918227
22.200	2220.000	653.4762804
22.200	2260.000	674.8384101
22.200	2300.000	696.8929042
22.200	2340.000	719.6544974
23.200	1580.000	400.2599103
23.200	1620.000	404.5260327
23.200	1660.000	418.0873477
23.200	1700.000	431.8948922
23.200	1740.000	446.0300492
23.200	1780.000	460.5524105
23.200	1820.000	475.508751
23.200	1860.000	490.9373688
23.200	1900.000	506.8705048
23.200	1940.000	523.3358673
23.200	1980.000	540.3560712
23.200	2020.000	557.9563701
23.200	2060.000	576.1539921
23.200	2100.000	594.9668661
23.200	2140.000	614.4117245
23.200	2180.000	634.5044417
23.200	2220.000	655.2603147
23.200	2260.000	676.6942997
23.200	2300.000	698.8212127
23.200	2340.000	721.6559042
24.200	1580.000	403.4894797
24.200	1620.000	405.0960179
24.200	1660.000	418.760885
24.200	1700.000	432.6615465
24.200	1740.000	446.8827888
24.200	1780.000	461.4862288
24.200	1820.000	476.5199644
24.200	1860.000	492.0232237
24.200	1900.000	508.0289393
24.200	1940.000	524.5653538
24.200	1980.000	541.6553623
24.200	2020.000	559.3248887
24.200	2060.000	577.5912469
24.200	2100.000	596.472604
24.200	2140.000	615.9858936
24.200	2180.000	636.1471621
24.200	2220.000	656.9718572
24.200	2260.000	678.4750686
24.200	2300.000	700.6717341
24.200	2340.000	723.5768172
25.200	1580.000	406.4786783
25.200	1620.000	405.6336802
25.200	1660.000	419.3995817
25.200	1700.000	433.3910768
25.200	1740.000	447.6961486
25.200	1780.000	462.3784224
25.200	1820.000	477.4873154
25.200	1860.000	493.062982
25.200	1900.000	509.1390419
25.200	1940.000	525.7442668
25.200	1980.000	542.9018221
25.200	2020.000	560.6383104
25.200	2060.000	578.9711202
25.200	2100.000	597.9186537
25.200	2140.000	617.4980426
25.200	2180.000	637.7255032
25.200	2220.000	658.6166308
25.200	2260.000	680.1866468
25.200	2300.000	702.4506083
25.200	2340.000	725.4235895
26.200	1580.000	409.1891682
26.200	1620.000	406.1422763
26.200	1660.000	420.0062236
26.200	1700.000	434.0863849
26.200	1740.000	448.4731764
26.200	1780.000	463.232194
26.200	1820.000	478.4141663
26.200	1860.000	494.0601683
26.200	1900.000	510.2045008
26.200	1940.000	526.8764601
26.200	1980.000	544.1015361
26.200	2020.000	561.9008257
26.200	2060.000	580.2979737
26.200	2100.000	599.3095502
26.200	2140.000	618.9528822
26.200	2180.000	639.2443533
26.200	2220.000	660.1997043
26.200	2260.000	681.8342859
26.200	2300.000	704.1632725
26.200	2340.000	727.2018471
27.200	1580.000	411.5900484
27.200	1620.000	406.626009
27.200	1660.000	420.5833145
27.200	1700.000	434.7500637
27.200	1740.000	449.2165912
27.200	1780.000	464.0503988
27.200	1820.000	479.3035131
27.200	1860.000	495.0179216
27.200	1900.000	511.2286006
27.200	1940.000	527.9653653
27.200	1980.000	545.2541158
27.200	2020.000	563.1161654
27.200	2060.000	581.5756901
27.200	2100.000	600.64933
27.200	2140.000	620.3546048
27.200	2180.000	640.7080628
27.200	2220.000	661.7255884
27.200	2260.000	683.4226593
27.200	2300.000	705.8145653
27.200	2340.000	728.9165962
28.200	1580.000	413.6692354
28.200	1620.000	407.0771417
28.200	1660.000	421.1331166
28.200	1700.000	435.3844421
28.200	1740.000	449.9288301
28.200	1780.000	464.8355935
28.200	1820.000	480.158037
28.200	1860.000	495.9390507
28.200	1900.000	512.2142794
28.200	1940.000	529.0140517
28.200	1980.000	546.364673
28.200	2020.000	564.2876652
28.200	2060.000	582.807741
28.200	2100.000	601.9416021
28.200	2140.000	621.7069586
28.200	2180.000	642.1205211
28.200	2220.000	663.1983154
28.200	2260.000	684.9559446
28.200	2300.000	707.4088117
28.200	2340.000	730.5723114
29.200	1580.000	415.3905844
29.200	1620.000	407.5098787
29.200	1660.000	421.657683
29.200	1700.000	435.9916202
29.200	1740.000	450.6120867
29.200	1780.000	465.5900769
29.200	1820.000	480.9801476
29.200	1860.000	496.826079
29.200	1900.000	513.1641762
29.200	1940.000	530.0252754
29.200	1980.000	547.4360826
29.200	2020.000	565.4183205
29.200	2060.000	583.9972432
29.200	2100.000	603.1896065
29.200	2140.000	623.0133082
29.200	2180.000	643.4852193
29.200	2220.000	664.6215049
29.200	2260.000	686.4378913
29.200	2300.000	708.9498933
29.200	2340.000	732.17301
30.200	1580.000	416.760366
30.200	1620.000	407.9224176
30.200	1660.000	422.1588828
30.200	1700.000	436.5672175
30.200	1740.000	451.2683433
30.200	1780.000	466.3159243
30.200	1820.000	481.772019
30.200	1860.000	497.6812823
30.200	1900.000	514.0806707
30.200	1940.000	531.0015215
30.200	1980.000	548.4709362
30.200	2020.000	566.5108309
30.200	2060.000	585.1470057
30.200	2100.000	604.396263
30.200	2140.000	624.2766858
30.200	2180.000	644.8053034
30.200	2220.000	665.998418
30.200	2260.000	687.8718779
30.200	2300.000	710.4413076
30.200	2340.000	733.7223078
31.200	1580.000	417.7756323
31.200	1620.000	408.3181436
31.200	1660.000	422.6384194
31.200	1700.000	437.1277765
31.200	1740.000	451.8993981
31.200	1780.000	467.0150161
31.200	1820.000	482.5356196
31.200	1860.000	498.5067204
31.200	1900.000	514.9659161
31.200	1940.000	531.9450381
31.200	1980.000	549.4715781
31.200	2020.000	567.5676384
31.200	2060.000	586.2595694
31.200	2100.000	605.5642123
31.200	2140.000	625.4998334
31.200	2180.000	646.083618
31.200	2220.000	667.3320041
31.200	2260.000	689.2609594
31.200	2300.000	711.886217
31.200	2340.000	735.2234775
32.200	1580.000	418.422351
32.200	1620.000	408.7000018
32.200	1660.000	423.0978426
32.200	1700.000	437.666512
32.200	1740.000	452.5068875
32.200	1780.000	467.6890614
32.200	1820.000	483.2727376
32.200	1860.000	499.3042639
32.200	1900.000	515.8218673
32.200	1940.000	532.8578659
32.200	1980.000	550.4401364
32.200	2020.000	568.5931603
32.200	2060.000	587.3372397
32.200	2100.000	606.6958507
32.200	2140.000	626.6852392
32.200	2180.000	647.3227446
32.200	2220.000	668.6249386
32.200	2260.000	690.6079074
32.200	2300.000	713.2874919
32.200	2340.000	736.679487
33.200	1580.000	418.7144769
33.200	1620.000	409.0464924
33.200	1660.000	423.5385597
33.200	1700.000	438.1847789
33.200	1740.000	453.0923057
33.200	1780.000	468.339619
33.200	1820.000	483.9850029
33.200	1860.000	500.0756169
33.200	1900.000	516.6503048
33.200	1940.000	533.7418633
33.200	1980.000	551.3785483
33.200	2020.000	569.5851472
33.200	2060.000	588.3821156
33.200	2100.000	607.7933593
33.200	2140.000	627.8351677
33.200	2180.000	648.5250324
33.200	2220.000	669.879657
33.200	2260.000	691.9152443
33.200	2300.000	714.6477404
33.200	2340.000	738.0930373
34.200	1580.000	418.6274817
34.200	1620.000	409.390019
34.200	1660.000	423.9618445
34.200	1700.000	438.6837912
34.200	1740.000	453.6570211
34.200	1780.000	468.9681147
34.200	1820.000	484.673905
34.200	1860.000	500.8223363
34.200	1900.000	517.4528548
34.200	1940.000	534.5987273
34.200	1980.000	552.2885828
34.200	2020.000	570.5475104
34.200	2060.000	589.3961132
34.200	2100.000	608.8587294
34.200	2140.000	628.9516864
34.200	2180.000	649.6926259
34.200	2220.000	671.098382
34.200	2260.000	693.1852725
34.200	2300.000	715.9693472
34.200	2340.000	739.4665935
35.200	1580.000	418.1307771
35.200	1620.000	409.719803
35.200	1660.000	424.368852
35.200	1700.000	439.1646374
35.200	1740.000	454.2022901
35.200	1780.000	469.5758562
35.200	1820.000	485.3408093
35.200	1860.000	501.5458484
35.200	1900.000	518.2310069
35.200	1940.000	535.430012
35.200	1980.000	553.1718598
35.200	2020.000	571.4819364
35.200	2060.000	590.3809867
35.200	2100.000	609.8937837
35.200	2140.000	630.0366874
35.200	2180.000	650.8274881
35.200	2220.000	672.2831481
35.200	2260.000	694.4200991
35.200	2300.000	717.2544931
35.200	2340.000	740.8024117
36.200	1580.000	417.1664717
36.200	1620.000	410.0476002
36.200	1660.000	424.7606358
36.200	1700.000	439.628296
36.200	1740.000	454.7292697
36.200	1780.000	470.1640459
36.200	1820.000	485.9869704
36.200	1860.000	502.2474636
36.200	1900.000	518.9861289
36.200	1940.000	536.2371442
36.200	1980.000	554.0298661
36.200	2020.000	572.389973
36.200	2060.000	591.3383462
36.200	2100.000	610.9001952
36.200	2140.000	631.0919076
36.200	2180.000	651.9314202
36.200	2220.000	673.4358224
36.200	2260.000	695.6216591
36.200	2300.000	718.5051796
36.200	2340.000	742.1025621
37.200	1580.000	415.6258269
37.200	1620.000	410.3465479
37.200	1660.000	425.1381713
37.200	1700.000	440.0664782
37.200	1740.000	455.2390274
37.200	1780.000	470.7337922
37.200	1820.000	486.6135439
37.200	1860.000	502.928388
37.200	1900.000	519.7194798
37.200	1940.000	537.0214371
37.200	1980.000	554.8639701
37.200	2020.000	573.2730448
37.200	2060.000	592.2696731
37.200	2100.000	611.879503
37.200	2140.000	632.1189446
37.200	2180.000	653.0060795
37.200	2220.000	674.5581223
37.200	2260.000	696.7917288
37.200	2300.000	719.7232477
37.200	2340.000	743.3689488
38.200	1580.000	413.2934768
38.200	1620.000	410.6388108
38.200	1660.000	425.5023782
38.200	1700.000	440.4974218
38.200	1740.000	455.7325504
38.200	1780.000	471.2861193
38.200	1820.000	487.221597
38.200	1860.000	503.5897352
38.200	1900.000	520.4322213
38.200	1940.000	537.784102
38.200	1980.000	555.6754339
38.200	2020.000	574.1324654
38.200	2060.000	593.1763335
38.200	2100.000	612.8331262
38.200	2140.000	633.1192716
38.200	2180.000	654.0529938
38.200	2220.000	675.6516313
38.200	2260.000	697.9319492
38.200	2300.000	720.9103945
38.200	2340.000	744.6033275
39.200	1580.000	409.6016504
39.200	1620.000	410.9234852
39.200	1660.000	425.8541373
39.200	1700.000	440.9143786
39.200	1740.000	456.2107539
39.200	1780.000	471.8219754
39.200	1820.000	487.8121168
39.200	1860.000	504.2325347
39.200	1900.000	521.1254275
39.200	1940.000	538.5262587
39.200	1980.000	556.4654239
39.200	2020.000	574.9694488
39.200	2060.000	594.0618884
39.200	2100.000	613.7623766
39.200	2140.000	634.0942499
39.200	2180.000	655.073575
39.200	2220.000	676.7178127
39.200	2260.000	699.0438357
39.200	2300.000	722.0681884
39.200	2340.000	745.8073201
40.200	1580.000	402.3943493
40.200	1620.000	411.2125489
40.200	1660.000	426.1942983
40.200	1700.000	441.3276421
40.200	1740.000	456.6744871
40.200	1780.000	472.3422399
40.200	1820.000	488.3860187
40.200	1860.000	504.8577409
40.200	1900.000	521.8000936
40.200	1940.000	539.2489447
40.200	1980.000	557.2350207
40.200	2020.000	575.7851195
40.200	2060.000	594.9230214
40.200	2100.000	614.6684686
40.200	2140.000	635.0451402
40.200	2180.000	656.0691306
40.200	2220.000	677.7580211
40.200	2260.000	700.1287914
40.200	2300.000	723.1980814
40.200	2340.000	746.9824284
41.200	1580.000	396.4627389
41.200	1620.000	411.4707693
41.200	1660.000	426.5236758
41.200	1700.000	441.7172782
41.200	1740.000	457.12454
41.200	1780.000	472.8477305
41.200	1820.000	488.9441531
41.200	1860.000	505.4662398
41.200	1900.000	522.4571435
41.200	1940.000	539.9531227
41.200	1980.000	557.9852271
41.200	2020.000	576.580521
41.200	2060.000	595.7630063
41.200	2100.000	615.5525291
41.200	2140.000	635.973112
41.200	2180.000	657.0408733
41.200	2220.000	678.7735137
41.200	2260.000	701.1881179
41.200	2300.000	724.3014204
41.200	2340.000	748.1300456
42.200	1580.000	396.6554281
42.200	1620.000	411.7284804
42.200	1660.000	426.8430378
42.200	1700.000	442.0941536
42.200	1740.000	457.5616484
42.200	1780.000	473.3392083
42.200	1820.000	489.4873111
42.200	1860.000	506.0588559
42.200	1900.000	523.0974362
42.200	1940.000	540.6396881
42.200	1980.000	558.7169753
42.200	2020.000	577.3566233
42.200	2060.000	596.5828514
42.200	2100.000	616.4156058
42.200	2140.000	636.8792525
42.200	2180.000	657.9899306
42.200	2220.000	679.7654585
42.200	2260.000	702.2230248
42.200	2300.000	725.3794574
42.200	2340.000	749.2514666
43.200	1580.000	396.8713846
43.200	1620.000	411.9820777
43.200	1660.000	427.1523694
43.200	1700.000	442.45806
43.200	1740.000	457.9864986
43.200	1780.000	473.8173565
43.200	1820.000	490.0160536
43.200	1860.000	506.6363573
43.200	1900.000	523.7217725
43.200	1940.000	541.3094748
43.200	1980.000	559.4311337
43.200	2020.000	578.1143298
43.200	2060.000	597.383496
43.200	2100.000	617.258674
43.200	2140.000	637.764574
43.200	2180.000	658.9173523
43.200	2220.000	680.7349435
43.200	2260.000	703.2346386
43.200	2300.000	726.4333581
43.200	2340.000	750.3478969
44.200	1580.000	397.0688438
44.200	1620.000	412.2274379
44.200	1660.000	427.4540813
44.200	1700.000	442.8164092
44.200	1740.000	458.3997295
44.200	1780.000	474.2828851
44.200	1820.000	490.5314189
44.200	1860.000	507.199461
44.200	1900.000	524.3308992
44.200	1940.000	541.963261
44.200	1980.000	560.1285125
44.200	2020.000	578.8544835
44.200	2060.000	598.165816
44.200	2100.000	618.0826438
44.200	2140.000	638.6300208
44.200	2180.000	659.8241175
44.200	2220.000	681.6829843
44.200	2260.000	704.22401
44.200	2300.000	727.4642097
44.200	2340.000	751.4204608
45.200	1580.000	397.2604661
45.200	1620.000	412.4675718
45.200	1660.000	427.7475779
45.200	1700.000	443.1649563
45.200	1740.000	458.8019411
45.200	1780.000	474.7363933
45.200	1820.000	491.0340632
45.200	1860.000	507.7488374
45.200	1900.000	524.9255146
45.200	1940.000	542.601774
45.200	1980.000	560.8098687
45.200	2020.000	579.5778716
45.200	2060.000	598.9306299
45.200	2100.000	618.8883652
45.200	2140.000	639.4764751
45.200	2180.000	660.7111409
45.200	2220.000	682.6105264
45.200	2260.000	705.1921201
45.200	2300.000	728.4730275
45.200	2340.000	752.4702086
46.200	1580.000	397.4510576
46.200	1620.000	412.7018852
46.200	1660.000	428.0335025
46.200	1700.000	443.5042417
46.200	1740.000	459.1936943
46.200	1780.000	475.1784604
46.200	1820.000	491.5242236
46.200	1860.000	508.2851141
46.200	1900.000	525.5062723
46.200	1940.000	543.2256943
46.200	1980.000	561.4759107
46.200	2020.000	580.2852312
46.200	2060.000	599.6787037
46.200	2100.000	619.6766336
46.200	2140.000	640.3047621
46.200	2180.000	661.5792783
46.200	2220.000	683.5184575
46.200	2260.000	706.1398873
46.200	2300.000	729.4607618
46.200	2340.000	753.4981228
47.200	1580.000	397.6371841
47.200	1620.000	412.9307591
47.200	1660.000	428.3119943
47.200	1700.000	443.8347669
47.200	1740.000	459.5755143
47.200	1780.000	475.6096338
47.200	1820.000	492.0026466
47.200	1860.000	508.8088794
47.200	1900.000	526.073785
47.200	1940.000	543.83566
47.200	1980.000	562.1273025
47.200	2020.000	580.9772528
47.200	2060.000	600.410755
47.200	2100.000	620.4481943
47.200	2140.000	641.1156553
47.200	2180.000	662.4293316
47.200	2220.000	684.4076087
47.200	2260.000	707.0681718
47.200	2300.000	730.4283028
47.200	2340.000	754.5051241
48.200	1580.000	397.819737
48.200	1620.000	413.1545418
48.200	1660.000	428.5833416
48.200	1700.000	444.156999
48.200	1740.000	459.9478939
48.200	1780.000	476.0304235
48.200	1820.000	492.4698632
48.200	1860.000	509.3206858
48.200	1900.000	526.6286279
48.200	1940.000	544.4322698
48.200	1980.000	562.7646673
48.200	2020.000	581.6545844
48.200	2060.000	601.1274574
48.200	2100.000	621.2037469
48.200	2140.000	641.9098803
48.200	2180.000	663.2620531
48.200	2220.000	685.2787595
48.200	2260.000	707.9777807
48.200	2300.000	731.3764856
48.200	2340.000	755.4920762
49.200	1580.000	397.9991158
49.200	1620.000	413.3735504
49.200	1660.000	428.8481371
49.200	1700.000	444.4713757
49.200	1740.000	460.3112956
49.200	1780.000	476.4413101
49.200	1820.000	492.9263724
49.200	1860.000	509.8210525
49.200	1900.000	527.1713415
49.200	1940.000	545.0160865
49.200	1980.000	563.3885906
49.200	2020.000	582.3178351
49.200	2060.000	601.8294435
49.200	2100.000	621.9464496
49.200	2140.000	642.6881192
49.200	2180.000	664.0781499
49.200	2220.000	686.1326423
49.200	2260.000	708.8694725
49.200	2300.000	732.3060951
49.200	2340.000	756.4597907
50.200	1580.000	398.1755871
50.200	1620.000	413.5880776
50.200	1660.000	429.1069043
50.200	1700.000	444.7783083
50.200	1740.000	460.666154
50.200	1780.000	476.8427457
50.200	1820.000	493.3726441
50.200	1860.000	510.3104684
50.200	1900.000	527.7024345
50.200	1940.000	545.5876396
50.200	1980.000	563.9996235
50.200	2020.000	582.9675778
50.200	2060.000	602.517309
50.200	2100.000	622.6720082
50.200	2140.000	643.4510132
50.200	2180.000	664.8782871
50.200	2220.000	686.9699462
50.200	2260.000	709.7439606
50.200	2300.000	733.2178693
50.200	2340.000	757.409031
51.200	1580.000	398.3493696
51.200	1620.000	413.798395
51.200	1660.000	429.3600601
51.200	1700.000	445.078184
51.200	1740.000	461.0128776
51.200	1780.000	477.235156
51.200	1820.000	493.8091208
51.200	1860.000	510.7893937
51.200	1900.000	528.2223863
51.200	1940.000	546.1474281
51.200	1980.000	564.5982851
51.200	2020.000	583.6043523
51.200	2060.000	603.1916145
51.200	2100.000	623.3834171
51.200	2140.000	644.1991667
51.200	2180.000	665.663091
51.200	2220.000	687.7913202
51.200	2260.000	710.6019168
51.200	2300.000	734.1125037
51.200	2340.000	758.3405161
52.200	1580.000	398.5180043
52.200	1620.000	414.0047549
52.200	1660.000	429.6079416
52.200	1700.000	445.3713664
52.200	1740.000	461.3518508
52.200	1780.000	477.6189422
52.200	1820.000	494.23622
52.200	1860.000	511.258263
52.200	1900.000	528.7316489
52.200	1940.000	546.6959226
52.200	1980.000	565.1850649
52.200	2020.000	584.2286677
52.200	2060.000	603.8528891
52.200	2100.000	624.0812254
52.200	2140.000	644.9331495
52.200	2180.000	666.4331525
52.200	2220.000	688.5973763
52.200	2260.000	711.443975
52.200	2300.000	734.9906538
52.200	2340.000	759.254924
53.200	1580.000	398.6882611
53.200	1620.000	414.2073921
53.200	1660.000	429.8508345
53.200	1700.000	445.6581971
53.200	1740.000	461.6834356
53.200	1780.000	477.9945737
53.200	1820.000	494.6543356
53.200	1860.000	511.7174863
53.200	1900.000	529.2306494
53.200	1940.000	547.2335673
53.200	1980.000	565.7604253
53.200	2020.000	584.8410047
53.200	2060.000	604.5016322
53.200	2100.000	624.7659518
53.200	2140.000	645.6534996
53.200	2180.000	667.1890293
53.200	2220.000	689.3886925
53.200	2260.000	712.2707334
53.200	2300.000	735.8529388
53.200	2340.000	760.1528948
54.200	1580.000	398.8557541
54.200	1620.000	414.4065258
54.200	1660.000	430.0889919
54.200	1700.000	445.9389961
54.200	1740.000	462.0079727
54.200	1780.000	478.3622305
54.200	1820.000	495.06384
54.200	1860.000	512.1674513
54.200	1900.000	529.7197913
54.200	1940.000	547.7607824
54.200	1980.000	566.3248032
54.200	2020.000	585.4418175
54.200	2060.000	605.1383158
54.200	2100.000	625.4380862
54.200	2140.000	646.3607255
54.200	2180.000	667.9312485
54.200	2220.000	690.1658147
54.200	2260.000	713.0827573
54.200	2300.000	736.6999436
54.200	2340.000	761.0350336
55.200	1580.000	399.0209204
55.200	1620.000	414.602361
55.200	1660.000	430.3226462
55.200	1700.000	446.2140627
55.200	1740.000	462.3257835
55.200	1780.000	478.7223359
55.200	1820.000	495.4650853
55.200	1860.000	512.6085248
55.200	1900.000	530.1994564
55.200	1940.000	548.2779652
55.200	1980.000	566.878612
55.200	2020.000	586.031536
55.200	2060.000	605.7633865
55.200	2100.000	626.0980924
55.200	2140.000	647.0553083
55.200	2180.000	668.6603088
55.200	2220.000	690.9292597
55.200	2260.000	713.8805818
55.200	2300.000	737.5322217
55.200	2340.000	761.9019127
56.200	1580.000	399.1840539
56.200	1620.000	414.7925276
56.200	1660.000	430.5520148
56.200	1700.000	446.4836774
56.200	1740.000	462.6371709
56.200	1780.000	479.0752087
56.200	1820.000	495.8584048
56.200	1860.000	513.041054
56.200	1900.000	530.6700064
56.200	1940.000	548.7854922
56.200	1980.000	567.4222435
56.200	2020.000	586.6105674
56.200	2060.000	606.3772674
56.200	2100.000	626.7464096
56.200	2140.000	647.7377037
56.200	2180.000	669.3766828
56.200	2220.000	691.6795169
56.200	2260.000	714.6647134
56.200	2300.000	738.3502973
56.200	2340.000	762.7540743
57.200	1580.000	399.3453646
57.200	1620.000	414.9830796
57.200	1660.000	430.7773039
57.200	1700.000	446.7481024
57.200	1740.000	462.9424205
57.200	1780.000	479.421151
57.200	1820.000	496.2441144
57.200	1860.000	513.4653682
57.200	1900.000	531.1317841
57.200	1940.000	549.2837202
57.200	1980.000	567.9560688
57.200	2020.000	587.1792977
57.200	2060.000	606.9803594
57.200	2100.000	627.383454
57.200	2140.000	648.4083435
57.200	2180.000	670.080818
57.200	2220.000	692.4170502
57.200	2260.000	715.4356324
57.200	2300.000	739.1546674
57.200	2340.000	763.592032
58.200	1580.000	399.505013
58.200	1620.000	415.1706799
58.200	1660.000	430.9987096
58.200	1700.000	447.0075837
58.200	1740.000	463.2418023
58.200	1780.000	479.7604486
58.200	1820.000	496.6225133
58.200	1860.000	513.8817796
58.200	1900.000	531.5851147
58.200	1940.000	549.7729878
58.200	1980.000	568.4804402
58.200	2020.000	587.7380931
58.200	2060.000	607.573043
58.200	2100.000	628.0096207
58.200	2140.000	649.0676376
58.200	2180.000	670.7731395
58.200	2220.000	693.1422996
58.200	2260.000	716.1937946
58.200	2300.000	739.9458034
58.200	2340.000	764.4162737
59.200	1580.000	399.6631287
59.200	1620.000	415.3555224
59.200	1660.000	431.2164188
59.200	1700.000	447.262352
59.200	1740.000	463.5355709
59.200	1780.000	480.0933722
59.200	1820.000	496.9938855
59.200	1860.000	514.2905845
59.200	1900.000	532.0303072
59.200	1940.000	550.2536166
59.200	1980.000	568.9956922
59.200	2020.000	588.2873014
59.200	2060.000	608.1556798
59.200	2100.000	628.6252849
59.200	2140.000	649.7159754
59.200	2180.000	671.4540508
59.200	2220.000	693.8556834
59.200	2260.000	716.9396328
59.200	2300.000	740.7241533
59.200	2340.000	765.2272623
60.200	1580.000	399.8198212
60.200	1620.000	415.5378011
60.200	1660.000	431.4306097
60.200	1700.000	447.5126241
60.200	1740.000	463.8239671
60.200	1780.000	480.4201785
60.200	1820.000	497.3585007
60.200	1860.000	514.6920647
60.200	1900.000	532.467655
60.200	1940.000	550.7259123
60.200	1980.000	569.502143
60.200	2020.000	588.8272533
60.200	2060.000	608.7286131
60.200	2100.000	629.2308032
60.200	2140.000	650.3537268
60.200	2180.000	672.1239354
60.200	2220.000	694.5575988
60.200	2260.000	717.6735583
60.200	2300.000	741.4901427
60.200	2340.000	766.0254381
61.200	1580.000	399.9751859
61.200	1620.000	415.7176862
61.200	1660.000	431.6414522
61.200	1700.000	447.7586042
61.200	1740.000	464.1073089
61.200	1780.000	480.7411111
61.200	1820.000	497.716615
61.200	1860.000	515.0864878
61.200	1900.000	532.8974374
61.200	1940.000	551.1901655
61.200	1980.000	570.0000949
61.200	2020.000	589.3582634
61.200	2060.000	609.2921699
61.200	2100.000	629.826515
61.200	2140.000	650.981244
61.200	2180.000	672.7831584
61.200	2220.000	695.248424
61.200	2260.000	718.3959627
61.200	2300.000	742.2441767
61.200	2340.000	766.8112199
62.200	1580.000	400.1293077
62.200	1620.000	415.8953324
62.200	1660.000	431.849108
62.200	1700.000	448.0004847
62.200	1740.000	464.3856234
62.200	1780.000	481.056401
62.200	1820.000	498.0684719
62.200	1860.000	515.4741087
62.200	1900.000	533.31992
62.200	1940.000	551.646653
62.200	1980.000	570.4898361
62.200	2020.000	589.8806311
62.200	2060.000	609.8466612
62.200	2100.000	630.4127433
62.200	2140.000	651.598862
62.200	2180.000	673.4320672
62.200	2220.000	695.928519
62.200	2260.000	719.1072186
62.200	2300.000	742.9866407
62.200	2340.000	767.5850064
63.200	1580.000	400.2783289
63.200	1620.000	416.0708806
63.200	1660.000	432.0537312
63.200	1700.000	448.2384472
63.200	1740.000	464.6592103
63.200	1780.000	481.3662679
63.200	1820.000	498.4143032
63.200	1860.000	515.8551697
63.200	1900.000	533.7353559
63.200	1940.000	552.0956386
63.200	1980.000	570.971641
63.200	2020.000	590.3946419
63.200	2060.000	610.3923836
63.200	2100.000	630.989796
63.200	2140.000	652.2096194
63.200	2180.000	674.070993
63.200	2220.000	696.5982267
63.200	2260.000	719.8076811
63.200	2300.000	743.7179024
63.200	2340.000	768.3471777
64.200	1580.000	400.4314378
64.200	1620.000	416.2444598
64.200	1660.000	432.255468
64.200	1700.000	448.4726636
64.200	1740.000	464.9282629
64.200	1780.000	481.6709203
64.200	1820.000	498.7543292
64.200	1860.000	516.2299021
64.200	1900.000	534.1439864
64.200	1940.000	552.5373736
64.200	1980.000	571.4457711
64.200	2020.000	590.9005677
64.200	2060.000	610.9296198
64.200	2100.000	631.5579665
64.200	2140.000	652.808449
64.200	2180.000	674.7002514
64.200	2220.000	697.2578744
64.200	2260.000	720.497689
64.200	2300.000	744.438312
64.200	2340.000	769.0980961
65.200	1580.000	400.5831142
65.200	1620.000	416.4161879
65.200	1660.000	432.4544578
65.200	1700.000	448.7032967
65.200	1740.000	465.1929648
65.200	1780.000	481.9705566
65.200	1820.000	499.0887602
65.200	1860.000	516.5985261
65.200	1900.000	534.5460415
65.200	1940.000	552.9720977
65.200	1980.000	571.9124763
65.200	2020.000	591.3986683
65.200	2060.000	611.4586397
65.200	2100.000	632.1175351
65.200	2140.000	653.398294
65.200	2180.000	675.3201439
65.200	2220.000	697.9077741
65.200	2260.000	721.1775655
65.200	2300.000	745.1482041
65.200	2340.000	769.8381075
66.200	1580.000	400.7335426
66.200	1620.000	416.586173
66.200	1660.000	432.6508331
66.200	1700.000	448.9305005
66.200	1740.000	465.4534904
66.200	1780.000	482.2653656
66.200	1820.000	499.4177962
66.200	1860.000	516.9612519
66.200	1900.000	534.9417408
66.200	1940.000	553.4000401
66.200	1980.000	572.3719947
66.200	2020.000	591.8891916
66.200	2060.000	611.9797008
66.200	2100.000	632.6687692
66.200	2140.000	653.9794321
66.200	2180.000	675.9309581
66.200	2220.000	698.548224
66.200	2260.000	721.8476191
66.200	2300.000	745.8478981
66.200	2340.000	770.5675421
67.200	1580.000	400.8828629
67.200	1620.000	416.7545147
67.200	1660.000	432.8447197
67.200	1700.000	449.1544216
67.200	1740.000	465.7100052
67.200	1780.000	482.555527
67.200	1820.000	499.7416281
67.200	1860.000	517.3182799
67.200	1900.000	535.3312941
67.200	1940.000	553.8214193
67.200	1980.000	572.8245543
67.200	2020.000	592.3723745
67.200	2060.000	612.4930494
67.200	2100.000	633.2119245
67.200	2140.000	654.5521283
67.200	2180.000	676.5329692
67.200	2220.000	699.1795091
67.200	2260.000	722.508145
67.200	2300.000	746.5376991
67.200	2340.000	771.2867156
68.200	1580.000	401.0311828
68.200	1620.000	416.9213048
68.200	1660.000	433.0362373
68.200	1700.000	449.375199
68.200	1740.000	465.9626666
68.200	1780.000	482.841212
68.200	1820.000	500.060438
68.200	1860.000	517.6698019
68.200	1900.000	535.7149017
68.200	1940.000	554.2364444
68.200	1980.000	573.2703727
68.200	2020.000	592.8484435
68.200	2060.000	612.9989208
68.200	2100.000	633.7472455
68.200	2140.000	655.1166364
68.200	2180.000	677.1264402
68.200	2220.000	699.8019018
68.200	2260.000	723.1594252
68.200	2300.000	747.2178991
68.200	2340.000	771.9959299
69.200	1580.000	401.1785876
69.200	1620.000	417.0866283
69.200	1660.000	433.2254995
69.200	1700.000	449.5924624
69.200	1740.000	466.2116243
69.200	1780.000	483.1225836
69.200	1820.000	500.3743998
69.200	1860.000	518.0160007
69.200	1900.000	536.0927552
69.200	1940.000	554.6453154
69.200	1980.000	573.7096582
69.200	2020.000	593.3176153
69.200	2060.000	613.4975404
69.200	2100.000	634.274966
69.200	2140.000	655.6731991
69.200	2180.000	677.7116226
69.200	2220.000	700.4156629
69.200	2260.000	723.8017297
69.200	2300.000	747.8887775
69.200	2340.000	772.6954739
70.200	1580.000	401.3251459
70.200	1620.000	417.2505636
70.200	1660.000	433.4126139
70.200	1700.000	449.8072632
70.200	1740.000	466.4570211
70.200	1780.000	483.3997977
70.200	1820.000	500.6836796
70.200	1860.000	518.3570515
70.200	1900.000	536.465038
70.200	1940.000	555.0482236
70.200	1980.000	574.1426102
70.200	2020.000	593.7800974
70.200	2060.000	613.9891237
70.200	2100.000	634.79531
70.200	2140.000	656.2220487
70.200	2180.000	678.2887575
70.200	2220.000	701.0210421
70.200	2260.000	724.435317
70.200	2300.000	748.5506017
70.200	2340.000	773.3856242
71.200	1580.000	401.4709146
71.200	1620.000	417.4131836
71.200	1660.000	433.597683
71.200	1700.000	450.0193002
71.200	1740.000	466.6989927
71.200	1780.000	483.6730026
71.200	1820.000	500.9884361
71.200	1860.000	518.6931217
71.200	1900.000	536.8319255
71.200	1940.000	555.4453524
71.200	1980.000	574.5694197
71.200	2020.000	594.2360886
71.200	2060.000	614.4738775
71.200	2100.000	635.3084921
71.200	2140.000	656.7634079
71.200	2180.000	678.8580757
71.200	2220.000	701.6182785
71.200	2260.000	725.0604349
71.200	2300.000	749.203628
71.200	2340.000	774.0666458
72.200	1580.000	401.6159416
72.200	1620.000	417.5745561
72.200	1660.000	433.7808037
72.200	1700.000	450.2286887
72.200	1740.000	466.9376689
72.200	1780.000	483.9423403
72.200	1820.000	501.2888209
72.200	1860.000	519.0243716
72.200	1900.000	537.1935858
72.200	1940.000	555.8368772
72.200	1980.000	574.9902697
72.200	2020.000	594.6857793
72.200	2060.000	614.9519996
72.200	2100.000	635.814718
72.200	2140.000	657.2974902
72.200	2180.000	679.4197987
72.200	2220.000	702.2076015
72.200	2260.000	725.6773207
72.200	2300.000	749.8481022
72.200	2340.000	774.738793
73.200	1580.000	401.7602683
73.200	1620.000	417.734744
73.200	1660.000	433.9620676
73.200	1700.000	450.4355385
73.200	1740.000	467.1731733
73.200	1780.000	484.2079462
73.200	1820.000	501.5849795
73.200	1860.000	519.3509545
73.200	1900.000	537.55018
73.200	1940.000	556.2229663
73.200	1980.000	575.4053356
73.200	2020.000	595.1293522
73.200	2060.000	615.4236802
73.200	2100.000	636.3141849
73.200	2140.000	657.8245003
73.200	2180.000	679.9741387
73.200	2220.000	702.7892311
73.200	2260.000	726.2862023
73.200	2300.000	750.48426
73.200	2340.000	775.4023095
74.200	1580.000	401.9039309
74.200	1620.000	417.8903807
74.200	1660.000	434.1415617
74.200	1700.000	450.6399546
74.200	1740.000	467.405624
74.200	1780.000	484.4699499
74.200	1820.000	501.8770506
74.200	1860.000	519.6730177
74.200	1900.000	537.9018623
74.200	1940.000	556.6037813
74.200	1980.000	575.814786
74.200	2020.000	595.5669825
74.200	2060.000	615.8891013
74.200	2100.000	636.8070822
74.200	2140.000	658.3446347
74.200	2180.000	680.5212996
74.200	2220.000	703.3633785
74.200	2260.000	726.8872983
74.200	2300.000	751.1123277
74.200	2340.000	776.0574292
