R134a
p [Bar]
v [m^3/kg]
H gas [kJ/kg]
0.200	0.00200000	450.4510905
0.200	0.00500000	408.06562
0.700	0.00200000	450.2373609
0.700	0.00500000	407.6479095
1.200	0.00200000	450.0236611
1.200	0.00500000	407.2388028
1.700	0.00200000	449.8099123
1.700	0.00500000	406.8383558
2.200	0.00200000	449.5960333
2.200	0.00500000	406.4466196
2.700	0.00200000	449.3819407
2.700	0.00500000	406.0636402
3.200	0.00200000	449.1675486
3.200	0.00500000	405.6894577
3.700	0.00200000	448.9527687
3.700	0.00500000	405.3241063
4.200	0.00200000	448.73751
4.200	0.00500000	404.967612
4.700	0.00200000	448.5216787
4.700	0.00500000	404.6199939
5.200	0.00200000	448.3051783
5.200	0.00500000	404.2828478
5.700	0.00200000	448.0879089
5.700	0.00500000	403.9534487
6.200	0.00200000	447.8697675
6.200	0.00500000	403.6329916
6.700	0.00200000	447.650648
6.700	0.00500000	403.321456
7.200	0.00200000	447.4304402
7.200	0.00500000	403.0188081
7.700	0.00200000	447.2090305
7.700	0.00500000	402.7249999
8.200	0.00200000	446.9863013
8.200	0.00500000	402.439968
8.700	0.00200000	446.7621307
8.700	0.00500000	402.1636319
9.200	0.00200000	446.5363923
9.200	0.00500000	401.8958931
9.700	0.00200000	446.3106684
9.700	0.00500000	401.6366329
10.200	0.00200000	446.0816523
10.200	0.00500000	401.3857112
10.700	0.00200000	445.8506822
10.700	0.00500000	401.1429643
11.200	0.00200000	445.6176118
11.200	0.00500000	400.908203
11.700	0.00200000	445.382289
11.700	0.00500000	400.6812099
12.200	0.00200000	445.144555
12.200	0.00500000	400.4617376
12.700	0.00200000	444.9042447
12.700	0.00500000	400.2495051
13.200	0.00200000	444.6611855
13.200	0.00500000	400.0441952
13.700	0.00200000	444.4151974
13.700	0.00500000	399.8454508
14.200	0.00200000	444.166092
14.200	0.00500000	399.6528713
14.700	0.00200000	443.9136727
14.700	0.00500000	399.4629294
15.200	0.00200000	443.657733
15.200	0.00500000	399.2865582
15.700	0.00200000	443.3980569
15.700	0.00500000	399.1073666
16.200	0.00200000	443.1344176
16.200	0.00500000	398.9344055
16.700	0.00200000	442.8665768
16.700	0.00500000	398.764787
17.200	0.00200000	442.5942841
17.200	0.00500000	398.597751
17.700	0.00200000	442.3172754
17.700	0.00500000	398.4324715
18.200	0.00200000	442.0352728
18.200	0.00500000	398.2680791
18.700	0.00200000	441.7479827
18.700	0.00500000	398.1037247
19.200	0.00200000	441.4550949
19.200	0.00500000	397.9387433
19.700	0.00200000	441.1562808
19.700	0.00500000	397.7730468
20.200	0.00200000	440.8511925
20.200	0.00500000	397.592756
20.700	0.00200000	440.5394605
20.700	0.00500000	397.4128123
21.200	0.00200000	440.2206917
21.200	0.00500000	397.2251989
21.700	0.00200000	439.8944679
21.700	0.00500000	397.0297386
22.200	0.00200000	439.5603425
22.200	0.00500000	396.8154975
22.700	0.00200000	439.2178384
22.700	0.00500000	396.5915735
23.200	0.00200000	438.8664445
23.200	0.00500000	396.347129
23.700	0.00200000	438.5056125
23.700	0.00500000	396.6916062
24.200	0.00200000	438.1347526
24.200	0.00500000	398.7260019
24.700	0.00200000	437.753229
24.700	0.00500000	400.7766726
25.200	0.00200000	437.360355
25.200	0.00500000	402.8454162
25.700	0.00200000	436.9553864
25.700	0.00500000	404.9045121
26.200	0.00200000	436.5375151
26.200	0.00500000	406.9790501
26.700	0.00200000	436.1058605
26.700	0.00500000	409.0635415
27.200	0.00200000	435.6594606
27.200	0.00500000	411.1569569
27.700	0.00200000	435.1972604
27.700	0.00500000	413.267677
28.200	0.00200000	434.7180994
28.200	0.00500000	415.3741573
28.700	0.00200000	434.2148576
28.700	0.00500000	417.491645
29.200	0.00200000	433.7015934
29.200	0.00500000	419.6189857
29.700	0.00200000	433.1681698
29.700	0.00500000	421.7556278
30.200	0.00200000	432.603971
30.200	0.00500000	423.9013088
30.700	0.00200000	432.0176151
30.700	0.00500000	426.0559049
31.200	0.00200000	431.4039838
31.200	0.00500000	428.2193589
31.700	0.00200000	430.7605049
31.700	0.00500000	430.3916454
32.200	0.00200000	430.0842284
32.200	0.00500000	432.5727538
32.700	0.00200000	429.3717458
32.700	0.00500000	434.7626799
33.200	0.00200000	428.6190852
33.200	0.00500000	436.9680246
33.700	0.00200000	427.821576
33.700	0.00500000	439.1680115
34.200	0.00200000	426.9736699
34.200	0.00500000	441.3784221
34.700	0.00200000	426.0687023
34.700	0.00500000	443.6105308
35.200	0.00200000	425.0985711
35.200	0.00500000	445.8445173
35.700	0.00200000	424.0532973
35.700	0.00500000	448.0873037
36.200	0.00200000	422.9204234
36.200	0.00500000	450.3388826
36.700	0.00200000	421.6841869
36.700	0.00500000	452.5992451
37.200	0.00200000	420.3008014
37.200	0.00500000	454.8683807
37.700	0.00200000	418.7677207
37.700	0.00500000	457.1462774
38.200	0.00200000	417.0253714
38.200	0.00500000	459.4329216
38.700	0.00200000	414.9993356
38.700	0.00500000	461.7282983
39.200	0.00200000	412.5641222
39.200	0.00500000	464.0323911
39.700	0.00200000	409.4204082
39.700	0.00500000	466.345182
40.200	0.00200000	404.8326412
40.200	0.00500000	468.6666518
40.700	0.00200000	392.739742
40.700	0.00500000	470.9967797
41.200	0.00200000	393.6073065
41.200	0.00500000	473.3355437
41.700	0.00200000	394.4435344
41.700	0.00500000	475.6829206
42.200	0.00200000	395.2945801
42.200	0.00500000	478.0388856
42.700	0.00200000	396.1430266
42.700	0.00500000	480.4034154
43.200	0.00200000	396.9944415
43.200	0.00500000	482.7763896
43.700	0.00200000	397.8433214
43.700	0.00500000	485.157934
44.200	0.00200000	398.691489
44.200	0.00500000	487.5479532
44.700	0.00200000	399.5361937
44.700	0.00500000	489.9464168
45.200	0.00200000	400.3843611
45.200	0.00500000	492.3534971
45.700	0.00200000	401.2311313
45.700	0.00500000	494.7687896
46.200	0.00200000	402.0769015
46.200	0.00500000	497.1924313
46.700	0.00200000	402.9218517
46.700	0.00500000	499.6243877
47.200	0.00200000	403.7660674
47.200	0.00500000	502.0646233
47.700	0.00200000	404.6095941
47.700	0.00500000	504.5131016
48.200	0.00200000	405.4524579
48.200	0.00500000	506.9697854
48.700	0.00200000	406.2946761
48.700	0.00500000	509.4346366
49.200	0.00200000	407.1362612
49.200	0.00500000	511.9076163
49.700	0.00200000	407.9772233
49.700	0.00500000	514.3886849
50.200	0.00200000	408.8175712
50.200	0.00500000	516.877802
50.700	0.00200000	409.6573129
50.700	0.00500000	519.3749267
51.200	0.00200000	410.4964562
51.200	0.00500000	521.8800172
51.700	0.00200000	411.3350082
51.700	0.00500000	524.3930314
52.200	0.00200000	412.1729764
52.200	0.00500000	526.9139262
52.700	0.00200000	413.0103676
52.700	0.00500000	529.4426584
53.200	0.00200000	413.8471889
53.200	0.00500000	531.979184
53.700	0.00200000	414.6834473
53.700	0.00500000	534.5234586
54.200	0.00200000	415.5191495
54.200	0.00500000	537.0754372
54.700	0.00200000	416.3543025
54.700	0.00500000	539.6350747
55.200	0.00200000	417.1889128
55.200	0.00500000	542.2023253
55.700	0.00200000	418.0229873
55.700	0.00500000	544.7771429
56.200	0.00200000	418.8537407
56.200	0.00500000	547.359481
56.700	0.00200000	419.6871099
56.700	0.00500000	549.949293
57.200	0.00200000	420.5199124
57.200	0.00500000	552.5465317
57.700	0.00200000	421.3521632
57.700	0.00500000	555.1511498
58.200	0.00200000	422.1838758
58.200	0.00500000	557.7630998
58.700	0.00200000	423.0150623
58.700	0.00500000	560.3823337
59.200	0.00200000	423.8457336
59.200	0.00500000	563.0088035
59.700	0.00200000	424.6759001
59.700	0.00500000	565.642461
60.200	0.00200000	425.5055711
60.200	0.00500000	568.2832577
60.700	0.00200000	426.3347557
60.700	0.00500000	570.9311451
61.200	0.00200000	427.1634623
61.200	0.00500000	573.5860744
61.700	0.00200000	427.991699
61.700	0.00500000	576.2479968
62.200	0.00200000	428.8194736
62.200	0.00500000	578.9168633
62.700	0.00200000	429.6467934
62.700	0.00500000	581.5926248
63.200	0.00200000	430.4736658
63.200	0.00500000	584.2752321
63.700	0.00200000	431.3000977
63.700	0.00500000	586.9646371
64.200	0.00200000	432.126096
64.200	0.00500000	589.6607883
64.700	0.00200000	432.9516674
64.700	0.00500000	592.3636375
65.200	0.00200000	433.7768185
65.200	0.00500000	595.0731353
65.700	0.00200000	434.6015556
65.700	0.00500000	597.7892324
66.200	0.00200000	435.4258851
66.200	0.00500000	600.5118792
66.700	0.00200000	436.2498133
66.700	0.00500000	603.2410263
67.200	0.00200000	437.0733462
67.200	0.00500000	605.9766242
67.700	0.00200000	437.8964899
67.700	0.00500000	608.7186236
68.200	0.00200000	438.7192505
68.200	0.00500000	611.466975
68.700	0.00200000	439.5416338
68.700	0.00500000	614.2216288
69.200	0.00200000	440.3636456
69.200	0.00500000	616.9825358
69.700	0.00200000	441.1852919
69.700	0.00500000	619.7496465
70.200	0.00200000	442.0065782
70.200	0.00500000	622.5229116
70.700	0.00200000	442.8275102
70.700	0.00500000	625.3022817
71.200	0.00200000	443.6480937
71.200	0.00500000	628.0877076
71.700	0.00200000	444.4670669
71.700	0.00500000	630.87914
72.200	0.00200000	445.2870143
72.200	0.00500000	633.6765297
72.700	0.00200000	446.1066276
72.700	0.00500000	636.4798276
73.200	0.00200000	446.9259122
73.200	0.00500000	639.2889846
73.700	0.00200000	447.7448736
73.700	0.00500000	642.1039516
74.200	0.00200000	448.5635175
74.200	0.00500000	644.9246796
74.700	0.00200000	449.381849
74.700	0.00500000	647.7511196
