"Refrigerant: R134a, CH2FCF3, 1,1,1,2-tetrafluoroethane"								
"Reference: D.P.Wilson & R.S.Basu, ASHRAE Transactions 1988, Vol. 94 part 2."								
								
T	P	Vl	Vg	Hl	Hg	R	Sl	Sg
°C	Bar	dm^3/kg	m^3/kg	kJ/kg	kJ/kg	kJ/kg	kJ/(kgK)	kJ/(kgK)
-60	0.163	0.6787	1.0502	127.27	360.22	232.95	0.7014	1.7942
-59.9	0.164	0.6788	1.04394	127.38	360.28	232.9	0.7019	1.794
-59.8	0.165	0.679	1.03774	127.49	360.34	232.85	0.7024	1.7938
-59.7	0.166	0.6791	1.03157	127.6	360.41	232.81	0.7029	1.7936
-59.6	0.167	0.6792	1.02545	127.71	360.47	232.76	0.7034	1.7934
-59.5	0.168	0.6794	1.01937	127.82	360.53	232.71	0.7039	1.7932
-59.4	0.17	0.6795	1.01333	127.93	360.6	232.67	0.7044	1.7929
-59.3	0.171	0.6796	1.00734	128.04	360.66	232.62	0.7049	1.7927
-59.2	0.172	0.6797	1.00139	128.15	360.72	232.57	0.7055	1.7925
-59.1	0.173	0.6799	0.99548	128.26	360.79	232.53	0.706	1.7923
-59	0.174	0.68	0.98961	128.37	360.85	232.48	0.7065	1.7921
-58.9	0.175	0.6801	0.98378	128.48	360.91	232.43	0.707	1.7919
-58.8	0.176	0.6802	0.97799	128.59	360.98	232.39	0.7075	1.7917
-58.7	0.177	0.6804	0.97224	128.7	361.04	232.34	0.708	1.7914
-58.6	0.178	0.6805	0.96653	128.81	361.1	232.29	0.7085	1.7912
-58.5	0.179	0.6806	0.96087	128.92	361.17	232.25	0.709	1.791
-58.4	0.181	0.6807	0.95524	129.03	361.23	232.2	0.7096	1.7908
-58.3	0.182	0.6809	0.94965	129.14	361.29	232.15	0.7101	1.7906
-58.2	0.183	0.681	0.94409	129.25	361.36	232.11	0.7106	1.7904
-58.1	0.184	0.6811	0.93858	129.36	361.42	232.06	0.7111	1.7902
-58	0.185	0.6812	0.9331	129.47	361.48	232.01	0.7116	1.79
-57.9	0.186	0.6814	0.92767	129.58	361.55	231.96	0.7121	1.7898
-57.8	0.187	0.6815	0.92227	129.69	361.61	231.92	0.7126	1.7896
-57.7	0.189	0.6816	0.9169	129.8	361.67	231.87	0.7131	1.7894
-57.6	0.19	0.6818	0.91158	129.91	361.74	231.82	0.7137	1.7892
-57.5	0.191	0.6819	0.90629	130.02	361.8	231.78	0.7142	1.789
-57.4	0.192	0.682	0.90103	130.13	361.86	231.73	0.7147	1.7887
-57.3	0.193	0.6821	0.89581	130.24	361.93	231.68	0.7152	1.7885
-57.2	0.195	0.6823	0.89063	130.35	361.99	231.63	0.7157	1.7883
-57.1	0.196	0.6824	0.88549	130.46	362.05	231.59	0.7162	1.7881
-57	0.197	0.6825	0.88037	130.58	362.11	231.54	0.7167	1.7879
-56.9	0.198	0.6827	0.8753	130.69	362.18	231.49	0.7172	1.7877
-56.8	0.199	0.6828	0.87025	130.8	362.24	231.44	0.7178	1.7875
-56.7	0.201	0.6829	0.86525	130.91	362.3	231.4	0.7183	1.7873
-56.6	0.202	0.683	0.86027	131.02	362.37	231.35	0.7188	1.7871
-56.5	0.203	0.6832	0.85533	131.13	362.43	231.3	0.7193	1.7869
-56.4	0.204	0.6833	0.85043	131.24	362.49	231.25	0.7198	1.7867
-56.3	0.206	0.6834	0.84555	131.35	362.56	231.21	0.7203	1.7865
-56.2	0.207	0.6836	0.84071	131.46	362.62	231.16	0.7208	1.7863
-56.1	0.208	0.6837	0.83591	131.57	362.68	231.11	0.7213	1.7861
-56	0.209	0.6838	0.83113	131.68	362.75	231.06	0.7218	1.7859
-55.9	0.211	0.6839	0.82639	131.8	362.81	231.01	0.7224	1.7857
-55.8	0.212	0.6841	0.82168	131.91	362.87	230.97	0.7229	1.7855
-55.7	0.213	0.6842	0.817	132.02	362.94	230.92	0.7234	1.7853
-55.6	0.215	0.6843	0.81235	132.13	363	230.87	0.7239	1.7851
-55.5	0.216	0.6845	0.80774	132.24	363.06	230.82	0.7244	1.7849
-55.4	0.217	0.6846	0.80315	132.35	363.13	230.77	0.7249	1.7847
-55.3	0.219	0.6847	0.7986	132.46	363.19	230.73	0.7254	1.7845
-55.2	0.22	0.6848	0.79407	132.57	363.25	230.68	0.7259	1.7843
-55.1	0.221	0.685	0.78958	132.69	363.32	230.63	0.7264	1.7841
-55	0.223	0.6851	0.78511	132.8	363.38	230.58	0.727	1.7839
-54.9	0.224	0.6852	0.78068	132.91	363.44	230.53	0.7275	1.7838
-54.8	0.225	0.6854	0.77628	133.02	363.51	230.49	0.728	1.7836
-54.7	0.227	0.6855	0.7719	133.13	363.57	230.44	0.7285	1.7834
-54.6	0.228	0.6856	0.76756	133.24	363.63	230.39	0.729	1.7832
-54.5	0.229	0.6857	0.76324	133.36	363.7	230.34	0.7295	1.783
-54.4	0.231	0.6859	0.75895	133.47	363.76	230.29	0.73	1.7828
-54.3	0.232	0.686	0.75469	133.58	363.82	230.24	0.7305	1.7826
-54.2	0.234	0.6861	0.75046	133.69	363.89	230.19	0.731	1.7824
-54.1	0.235	0.6863	0.74626	133.8	363.95	230.15	0.7316	1.7822
-54	0.236	0.6864	0.74209	133.91	364.01	230.1	0.7321	1.782
-53.9	0.238	0.6865	0.73794	134.03	364.08	230.05	0.7326	1.7818
-53.8	0.239	0.6867	0.73382	134.14	364.14	230	0.7331	1.7816
-53.7	0.241	0.6868	0.72973	134.25	364.2	229.95	0.7336	1.7814
-53.6	0.242	0.6869	0.72566	134.36	364.27	229.9	0.7341	1.7813
-53.5	0.244	0.6871	0.72162	134.47	364.33	229.85	0.7346	1.7811
-53.4	0.245	0.6872	0.71761	134.59	364.39	229.81	0.7351	1.7809
-53.3	0.247	0.6873	0.71362	134.7	364.46	229.76	0.7356	1.7807
-53.2	0.248	0.6874	0.70966	134.81	364.52	229.71	0.7361	1.7805
-53.1	0.249	0.6876	0.70573	134.92	364.58	229.66	0.7367	1.7803
-53	0.251	0.6877	0.70182	135.04	364.65	229.61	0.7372	1.7801
-52.9	0.252	0.6878	0.69794	135.15	364.71	229.56	0.7377	1.7799
-52.8	0.254	0.688	0.69408	135.26	364.77	229.51	0.7382	1.7798
-52.7	0.255	0.6881	0.69025	135.37	364.83	229.46	0.7387	1.7796
-52.6	0.257	0.6882	0.68645	135.49	364.9	229.41	0.7392	1.7794
-52.5	0.258	0.6884	0.68267	135.6	364.96	229.36	0.7397	1.7792
-52.4	0.26	0.6885	0.67891	135.71	365.02	229.31	0.7402	1.779
-52.3	0.262	0.6886	0.67518	135.82	365.09	229.26	0.7407	1.7788
-52.2	0.263	0.6888	0.67147	135.94	365.15	229.22	0.7412	1.7786
-52.1	0.265	0.6889	0.66779	136.05	365.21	229.17	0.7417	1.7785
-52	0.266	0.689	0.66413	136.16	365.28	229.12	0.7423	1.7783
-51.9	0.268	0.6892	0.66049	136.27	365.34	229.07	0.7428	1.7781
-51.8	0.269	0.6893	0.65688	136.39	365.4	229.02	0.7433	1.7779
-51.7	0.271	0.6894	0.65329	136.5	365.47	228.97	0.7438	1.7777
-51.6	0.273	0.6895	0.64972	136.61	365.53	228.92	0.7443	1.7776
-51.5	0.274	0.6897	0.64618	136.73	365.59	228.87	0.7448	1.7774
-51.4	0.276	0.6898	0.64266	136.84	365.66	228.82	0.7453	1.7772
-51.3	0.277	0.6899	0.63916	136.95	365.72	228.77	0.7458	1.777
-51.2	0.279	0.6901	0.63569	137.06	365.78	228.72	0.7463	1.7768
-51.1	0.281	0.6902	0.63224	137.18	365.85	228.67	0.7468	1.7767
-51	0.282	0.6903	0.62881	137.29	365.91	228.62	0.7473	1.7765
-50.9	0.284	0.6905	0.6254	137.4	365.97	228.57	0.7479	1.7763
-50.8	0.285	0.6906	0.62202	137.52	366.04	228.52	0.7484	1.7761
-50.7	0.287	0.6907	0.61865	137.63	366.1	228.47	0.7489	1.7759
-50.6	0.289	0.6909	0.61531	137.74	366.16	228.42	0.7494	1.7758
-50.5	0.29	0.691	0.61199	137.86	366.23	228.37	0.7499	1.7756
-50.4	0.292	0.6911	0.60869	137.97	366.29	228.32	0.7504	1.7754
-50.3	0.294	0.6913	0.60541	138.08	366.35	228.27	0.7509	1.7752
-50.2	0.296	0.6914	0.60215	138.2	366.42	228.22	0.7514	1.7751
-50.1	0.297	0.6915	0.59892	138.31	366.48	228.17	0.7519	1.7749
-50	0.299	0.6917	0.5957	138.42	366.54	228.12	0.7524	1.7747
-49.9	0.301	0.6918	0.5925	138.54	366.61	228.07	0.7529	1.7745
-49.8	0.302	0.6919	0.58933	138.65	366.67	228.02	0.7534	1.7743
-49.7	0.304	0.6921	0.58617	138.76	366.73	227.97	0.754	1.7742
-49.6	0.306	0.6922	0.58304	138.88	366.8	227.92	0.7545	1.774
-49.5	0.308	0.6923	0.57992	138.99	366.86	227.87	0.755	1.7738
-49.4	0.309	0.6925	0.57683	139.1	366.92	227.82	0.7555	1.7737
-49.3	0.311	0.6926	0.57375	139.22	366.99	227.77	0.756	1.7735
-49.2	0.313	0.6927	0.5707	139.33	367.05	227.72	0.7565	1.7733
-49.1	0.315	0.6929	0.56766	139.45	367.11	227.67	0.757	1.7731
-49	0.317	0.693	0.56464	139.56	367.18	227.62	0.7575	1.773
-48.9	0.318	0.6932	0.56164	139.67	367.24	227.56	0.758	1.7728
-48.8	0.32	0.6933	0.55866	139.79	367.3	227.51	0.7585	1.7726
-48.7	0.322	0.6934	0.5557	139.9	367.36	227.46	0.759	1.7725
-48.6	0.324	0.6936	0.55276	140.02	367.43	227.41	0.7595	1.7723
-48.5	0.326	0.6937	0.54984	140.13	367.49	227.36	0.76	1.7721
-48.4	0.328	0.6938	0.54693	140.24	367.55	227.31	0.7606	1.7719
-48.3	0.329	0.694	0.54404	140.36	367.62	227.26	0.7611	1.7718
-48.2	0.331	0.6941	0.54118	140.47	367.68	227.21	0.7616	1.7716
-48.1	0.333	0.6942	0.53833	140.59	367.74	227.16	0.7621	1.7714
-48	0.335	0.6944	0.53549	140.7	367.81	227.11	0.7626	1.7713
-47.9	0.337	0.6945	0.53268	140.82	367.87	227.06	0.7631	1.7711
-47.8	0.339	0.6946	0.52988	140.93	367.93	227	0.7636	1.7709
-47.7	0.341	0.6948	0.5271	141.04	368	226.95	0.7641	1.7708
-47.6	0.343	0.6949	0.52434	141.16	368.06	226.9	0.7646	1.7706
-47.5	0.345	0.695	0.52159	141.27	368.12	226.85	0.7651	1.7704
-47.4	0.346	0.6952	0.51886	141.39	368.19	226.8	0.7656	1.7703
-47.3	0.348	0.6953	0.51615	141.5	368.25	226.75	0.7661	1.7701
-47.2	0.35	0.6954	0.51346	141.62	368.31	226.7	0.7666	1.7699
-47.1	0.352	0.6956	0.51078	141.73	368.38	226.64	0.7671	1.7698
-47	0.354	0.6957	0.50812	141.85	368.44	226.59	0.7676	1.7696
-46.9	0.356	0.6959	0.50547	141.96	368.5	226.54	0.7682	1.7694
-46.8	0.358	0.696	0.50284	142.08	368.57	226.49	0.7687	1.7693
-46.7	0.36	0.6961	0.50023	142.19	368.63	226.44	0.7692	1.7691
-46.6	0.362	0.6963	0.49763	142.31	368.69	226.39	0.7697	1.769
-46.5	0.364	0.6964	0.49505	142.42	368.76	226.34	0.7702	1.7688
-46.4	0.366	0.6965	0.49249	142.53	368.82	226.28	0.7707	1.7686
-46.3	0.368	0.6967	0.48994	142.65	368.88	226.23	0.7712	1.7685
-46.2	0.37	0.6968	0.48741	142.76	368.94	226.18	0.7717	1.7683
-46.1	0.372	0.697	0.48489	142.88	369.01	226.13	0.7722	1.7681
-46	0.375	0.6971	0.48239	142.99	369.07	226.08	0.7727	1.768
-45.9	0.377	0.6972	0.4799	143.11	369.13	226.02	0.7732	1.7678
-45.8	0.379	0.6974	0.47743	143.23	369.2	225.97	0.7737	1.7677
-45.7	0.381	0.6975	0.47498	143.34	369.26	225.92	0.7742	1.7675
-45.6	0.383	0.6976	0.47254	143.46	369.32	225.87	0.7747	1.7673
-45.5	0.385	0.6978	0.47011	143.57	369.39	225.82	0.7752	1.7672
-45.4	0.387	0.6979	0.4677	143.69	369.45	225.76	0.7757	1.767
-45.3	0.389	0.698	0.4653	143.8	369.51	225.71	0.7763	1.7669
-45.2	0.391	0.6982	0.46292	143.92	369.58	225.66	0.7768	1.7667
-45.1	0.393	0.6983	0.46055	144.03	369.64	225.61	0.7773	1.7666
-45	0.396	0.6985	0.4582	144.15	369.7	225.55	0.7778	1.7664
-44.9	0.398	0.6986	0.45586	144.26	369.77	225.5	0.7783	1.7662
-44.8	0.4	0.6987	0.45354	144.38	369.83	225.45	0.7788	1.7661
-44.7	0.402	0.6989	0.45123	144.49	369.89	225.4	0.7793	1.7659
-44.6	0.404	0.699	0.44893	144.61	369.95	225.34	0.7798	1.7658
-44.5	0.407	0.6992	0.44665	144.73	370.02	225.29	0.7803	1.7656
-44.4	0.409	0.6993	0.44438	144.84	370.08	225.24	0.7808	1.7655
-44.3	0.411	0.6994	0.44213	144.96	370.14	225.19	0.7813	1.7653
-44.2	0.413	0.6996	0.43989	145.07	370.21	225.13	0.7818	1.7651
-44.1	0.415	0.6997	0.43766	145.19	370.27	225.08	0.7823	1.765
-44	0.418	0.6998	0.43545	145.3	370.33	225.03	0.7828	1.7648
-43.9	0.42	0.7	0.43325	145.42	370.4	224.98	0.7833	1.7647
-43.8	0.422	0.7001	0.43106	145.54	370.46	224.92	0.7838	1.7645
-43.7	0.425	0.7003	0.42888	145.65	370.52	224.87	0.7843	1.7644
-43.6	0.427	0.7004	0.42672	145.77	370.59	224.82	0.7848	1.7642
-43.5	0.429	0.7005	0.42457	145.88	370.65	224.76	0.7853	1.7641
-43.4	0.431	0.7007	0.42244	146	370.71	224.71	0.7858	1.7639
-43.3	0.434	0.7008	0.42032	146.12	370.78	224.66	0.7864	1.7638
-43.2	0.436	0.701	0.41821	146.23	370.84	224.61	0.7869	1.7636
-43.1	0.438	0.7011	0.41611	146.35	370.9	224.55	0.7874	1.7635
-43	0.441	0.7012	0.41403	146.47	370.96	224.5	0.7879	1.7633
-42.9	0.443	0.7014	0.41195	146.58	371.03	224.45	0.7884	1.7632
-42.8	0.446	0.7015	0.40989	146.7	371.09	224.39	0.7889	1.763
-42.7	0.448	0.7017	0.40785	146.81	371.15	224.34	0.7894	1.7629
-42.6	0.45	0.7018	0.40581	146.93	371.22	224.29	0.7899	1.7627
-42.5	0.453	0.7019	0.40379	147.05	371.28	224.23	0.7904	1.7626
-42.4	0.455	0.7021	0.40178	147.16	371.34	224.18	0.7909	1.7624
-42.3	0.458	0.7022	0.39978	147.28	371.41	224.13	0.7914	1.7623
-42.2	0.46	0.7024	0.39779	147.4	371.47	224.07	0.7919	1.7621
-42.1	0.462	0.7025	0.39582	147.51	371.53	224.02	0.7924	1.762
-42	0.465	0.7026	0.39385	147.63	371.59	223.96	0.7929	1.7618
-41.9	0.467	0.7028	0.3919	147.75	371.66	223.91	0.7934	1.7617
-41.8	0.47	0.7029	0.38996	147.86	371.72	223.86	0.7939	1.7615
-41.7	0.472	0.7031	0.38803	147.98	371.78	223.8	0.7944	1.7614
-41.6	0.475	0.7032	0.38611	148.1	371.85	223.75	0.7949	1.7612
-41.5	0.477	0.7033	0.38421	148.21	371.91	223.7	0.7954	1.7611
-41.4	0.48	0.7035	0.38231	148.33	371.97	223.64	0.7959	1.7609
-41.3	0.482	0.7036	0.38043	148.45	372.04	223.59	0.7964	1.7608
-41.2	0.485	0.7038	0.37855	148.56	372.1	223.53	0.7969	1.7607
-41.1	0.488	0.7039	0.37669	148.68	372.16	223.48	0.7974	1.7605
-41	0.49	0.7041	0.37484	148.8	372.22	223.43	0.7979	1.7604
-40.9	0.493	0.7042	0.373	148.92	372.29	223.37	0.7985	1.7602
-40.8	0.495	0.7043	0.37117	149.03	372.35	223.32	0.799	1.7601
-40.7	0.498	0.7045	0.36935	149.15	372.41	223.26	0.7995	1.7599
-40.6	0.501	0.7046	0.36755	149.27	372.48	223.21	0.8	1.7598
-40.5	0.503	0.7048	0.36575	149.38	372.54	223.15	0.8005	1.7596
-40.4	0.506	0.7049	0.36396	149.5	372.6	223.1	0.801	1.7595
-40.3	0.508	0.705	0.36218	149.62	372.66	223.05	0.8015	1.7594
-40.2	0.511	0.7052	0.36042	149.74	372.73	222.99	0.802	1.7592
-40.1	0.514	0.7053	0.35866	149.85	372.79	222.94	0.8025	1.7591
-40	0.516	0.7055	0.35692	149.97	372.85	222.88	0.803	1.7589
-39.9	0.519	0.7056	0.35518	150.09	372.92	222.83	0.8035	1.7588
-39.8	0.522	0.7058	0.35346	150.21	372.98	222.77	0.804	1.7587
-39.7	0.525	0.7059	0.35174	150.32	373.04	222.72	0.8045	1.7585
-39.6	0.527	0.706	0.35004	150.44	373.11	222.66	0.805	1.7584
-39.5	0.53	0.7062	0.34834	150.56	373.17	222.61	0.8055	1.7582
-39.4	0.533	0.7063	0.34665	150.68	373.23	222.55	0.806	1.7581
-39.3	0.535	0.7065	0.34498	150.79	373.29	222.5	0.8065	1.758
-39.2	0.538	0.7066	0.34331	150.91	373.36	222.44	0.807	1.7578
-39.1	0.541	0.7068	0.34166	151.03	373.42	222.39	0.8075	1.7577
-39	0.544	0.7069	0.34001	151.15	373.48	222.33	0.808	1.7575
-38.9	0.547	0.707	0.33837	151.27	373.55	222.28	0.8085	1.7574
-38.8	0.549	0.7072	0.33674	151.38	373.61	222.22	0.809	1.7573
-38.7	0.552	0.7073	0.33512	151.5	373.67	222.17	0.8095	1.7571
-38.6	0.555	0.7075	0.33352	151.62	373.73	222.11	0.81	1.757
-38.5	0.558	0.7076	0.33192	151.74	373.8	222.06	0.8105	1.7569
-38.4	0.561	0.7078	0.33032	151.86	373.86	222	0.811	1.7567
-38.3	0.564	0.7079	0.32874	151.97	373.92	221.95	0.8115	1.7566
-38.2	0.567	0.7081	0.32717	152.09	373.98	221.89	0.812	1.7565
-38.1	0.569	0.7082	0.32561	152.21	374.05	221.84	0.8125	1.7563
-38	0.572	0.7083	0.32405	152.33	374.11	221.78	0.813	1.7562
-37.9	0.575	0.7085	0.3225	152.45	374.17	221.73	0.8135	1.756
-37.8	0.578	0.7086	0.32097	152.56	374.24	221.67	0.814	1.7559
-37.7	0.581	0.7088	0.31944	152.68	374.3	221.62	0.8145	1.7558
-37.6	0.584	0.7089	0.31792	152.8	374.36	221.56	0.815	1.7556
-37.5	0.587	0.7091	0.31641	152.92	374.42	221.5	0.8155	1.7555
-37.4	0.59	0.7092	0.31491	153.04	374.49	221.45	0.816	1.7554
-37.3	0.593	0.7094	0.31341	153.16	374.55	221.39	0.8165	1.7552
-37.2	0.596	0.7095	0.31193	153.28	374.61	221.34	0.817	1.7551
-37.1	0.599	0.7096	0.31045	153.39	374.68	221.28	0.8175	1.755
-37	0.602	0.7098	0.30898	153.51	374.74	221.23	0.818	1.7548
-36.9	0.605	0.7099	0.30752	153.63	374.8	221.17	0.8185	1.7547
-36.8	0.608	0.7101	0.30607	153.75	374.86	221.11	0.819	1.7546
-36.7	0.611	0.7102	0.30462	153.87	374.93	221.06	0.8196	1.7545
-36.6	0.614	0.7104	0.30319	153.99	374.99	221	0.8201	1.7543
-36.5	0.618	0.7105	0.30176	154.11	375.05	220.95	0.8206	1.7542
-36.4	0.621	0.7107	0.30034	154.23	375.11	220.89	0.8211	1.7541
-36.3	0.624	0.7108	0.29893	154.34	375.18	220.83	0.8216	1.7539
-36.2	0.627	0.711	0.29753	154.46	375.24	220.78	0.8221	1.7538
-36.1	0.63	0.7111	0.29613	154.58	375.3	220.72	0.8226	1.7537
-36	0.633	0.7113	0.29474	154.7	375.37	220.66	0.8231	1.7535
-35.9	0.636	0.7114	0.29336	154.82	375.43	220.61	0.8236	1.7534
-35.8	0.64	0.7115	0.29199	154.94	375.49	220.55	0.8241	1.7533
-35.7	0.643	0.7117	0.29063	155.06	375.55	220.49	0.8246	1.7532
-35.6	0.646	0.7118	0.28927	155.18	375.62	220.44	0.8251	1.753
-35.5	0.649	0.712	0.28792	155.3	375.68	220.38	0.8256	1.7529
-35.4	0.652	0.7121	0.28658	155.42	375.74	220.33	0.8261	1.7528
-35.3	0.656	0.7123	0.28524	155.54	375.8	220.27	0.8266	1.7526
-35.2	0.659	0.7124	0.28392	155.65	375.87	220.21	0.8271	1.7525
-35.1	0.662	0.7126	0.2826	155.77	375.93	220.16	0.8276	1.7524
-35	0.665	0.7127	0.28128	155.89	375.99	220.1	0.8281	1.7523
-34.9	0.669	0.7129	0.27998	156.01	376.05	220.04	0.8286	1.7521
-34.8	0.672	0.713	0.27868	156.13	376.12	219.98	0.8291	1.752
-34.7	0.675	0.7132	0.27739	156.25	376.18	219.93	0.8296	1.7519
-34.6	0.679	0.7133	0.27611	156.37	376.24	219.87	0.8301	1.7518
-34.5	0.682	0.7135	0.27483	156.49	376.3	219.81	0.8306	1.7516
-34.4	0.685	0.7136	0.27356	156.61	376.37	219.76	0.8311	1.7515
-34.3	0.689	0.7138	0.2723	156.73	376.43	219.7	0.8316	1.7514
-34.2	0.692	0.7139	0.27104	156.85	376.49	219.64	0.8321	1.7513
-34.1	0.696	0.7141	0.2698	156.97	376.55	219.58	0.8326	1.7511
-34	0.699	0.7142	0.26855	157.09	376.62	219.53	0.8331	1.751
-33.9	0.703	0.7144	0.26732	157.21	376.68	219.47	0.8336	1.7509
-33.8	0.706	0.7145	0.26609	157.33	376.74	219.41	0.8341	1.7508
-33.7	0.709	0.7147	0.26487	157.45	376.8	219.36	0.8346	1.7506
-33.6	0.713	0.7148	0.26366	157.57	376.87	219.3	0.8351	1.7505
-33.5	0.716	0.7149	0.26245	157.69	376.93	219.24	0.8356	1.7504
-33.4	0.72	0.7151	0.26125	157.81	376.99	219.18	0.8361	1.7503
-33.3	0.723	0.7152	0.26005	157.93	377.05	219.13	0.8366	1.7502
-33.2	0.727	0.7154	0.25887	158.05	377.12	219.07	0.8371	1.75
-33.1	0.73	0.7155	0.25769	158.17	377.18	219.01	0.8376	1.7499
-33	0.734	0.7157	0.25651	158.29	377.24	218.95	0.8381	1.7498
-32.9	0.738	0.7158	0.25534	158.41	377.3	218.89	0.8386	1.7497
-32.8	0.741	0.716	0.25418	158.53	377.37	218.84	0.8391	1.7496
-32.7	0.745	0.7161	0.25302	158.65	377.43	218.78	0.8396	1.7494
-32.6	0.748	0.7163	0.25188	158.77	377.49	218.72	0.8401	1.7493
-32.5	0.752	0.7164	0.25073	158.89	377.55	218.66	0.8406	1.7492
-32.4	0.756	0.7166	0.2496	159.01	377.62	218.61	0.8411	1.7491
-32.3	0.759	0.7167	0.24846	159.13	377.68	218.55	0.8416	1.749
-32.2	0.763	0.7169	0.24734	159.25	377.74	218.49	0.8421	1.7488
-32.1	0.767	0.717	0.24622	159.37	377.8	218.43	0.8426	1.7487
-32	0.77	0.7172	0.24511	159.49	377.87	218.37	0.8431	1.7486
-31.9	0.774	0.7173	0.244	159.61	377.93	218.31	0.8436	1.7485
-31.8	0.778	0.7175	0.2429	159.73	377.99	218.26	0.8441	1.7484
-31.7	0.782	0.7177	0.24181	159.85	378.05	218.2	0.8446	1.7482
-31.6	0.785	0.7178	0.24072	159.98	378.12	218.14	0.845	1.7481
-31.5	0.789	0.718	0.23964	160.1	378.18	218.08	0.8455	1.748
-31.4	0.793	0.7181	0.23856	160.22	378.24	218.02	0.846	1.7479
-31.3	0.797	0.7183	0.23749	160.34	378.3	217.96	0.8465	1.7478
-31.2	0.8	0.7184	0.23642	160.46	378.36	217.91	0.847	1.7477
-31.1	0.804	0.7186	0.23536	160.58	378.43	217.85	0.8475	1.7476
-31	0.808	0.7187	0.23431	160.7	378.49	217.79	0.848	1.7474
-30.9	0.812	0.7189	0.23326	160.82	378.55	217.73	0.8485	1.7473
-30.8	0.816	0.719	0.23222	160.94	378.61	217.67	0.849	1.7472
-30.7	0.82	0.7192	0.23118	161.06	378.68	217.61	0.8495	1.7471
-30.6	0.824	0.7193	0.23015	161.18	378.74	217.55	0.85	1.747
-30.5	0.828	0.7195	0.22913	161.31	378.8	217.49	0.8505	1.7469
-30.4	0.832	0.7196	0.22811	161.43	378.86	217.44	0.851	1.7467
-30.3	0.835	0.7198	0.22709	161.55	378.92	217.38	0.8515	1.7466
-30.2	0.839	0.7199	0.22608	161.67	378.99	217.32	0.852	1.7465
-30.1	0.843	0.7201	0.22508	161.79	379.05	217.26	0.8525	1.7464
-30	0.847	0.7202	0.22408	161.91	379.11	217.2	0.853	1.7463
-29.9	0.851	0.7204	0.22309	162.03	379.17	217.14	0.8535	1.7462
-29.8	0.855	0.7205	0.2221	162.15	379.24	217.08	0.854	1.7461
-29.7	0.859	0.7207	0.22112	162.28	379.3	217.02	0.8545	1.746
-29.6	0.864	0.7208	0.22014	162.4	379.36	216.96	0.855	1.7458
-29.5	0.868	0.721	0.21916	162.52	379.42	216.9	0.8555	1.7457
-29.4	0.872	0.7212	0.2182	162.64	379.48	216.84	0.856	1.7456
-29.3	0.876	0.7213	0.21724	162.76	379.55	216.78	0.8565	1.7455
-29.2	0.88	0.7215	0.21628	162.88	379.61	216.72	0.857	1.7454
-29.1	0.884	0.7216	0.21533	163.01	379.67	216.66	0.8575	1.7453
-29	0.888	0.7218	0.21438	163.13	379.73	216.61	0.858	1.7452
-28.9	0.892	0.7219	0.21344	163.25	379.79	216.55	0.8585	1.7451
-28.8	0.896	0.7221	0.2125	163.37	379.86	216.49	0.859	1.745
-28.7	0.901	0.7222	0.21157	163.49	379.92	216.43	0.8595	1.7448
-28.6	0.905	0.7224	0.21064	163.61	379.98	216.37	0.86	1.7447
-28.5	0.909	0.7225	0.20972	163.74	380.04	216.31	0.8605	1.7446
-28.4	0.913	0.7227	0.2088	163.86	380.1	216.25	0.861	1.7445
-28.3	0.918	0.7229	0.20789	163.98	380.17	216.19	0.8615	1.7444
-28.2	0.922	0.723	0.20698	164.1	380.23	216.13	0.862	1.7443
-28.1	0.926	0.7232	0.20608	164.22	380.29	216.07	0.8625	1.7442
-28	0.93	0.7233	0.20518	164.35	380.35	216.01	0.863	1.7441
-27.9	0.935	0.7235	0.20429	164.47	380.41	215.95	0.8635	1.744
-27.8	0.939	0.7236	0.2034	164.59	380.48	215.89	0.864	1.7439
-27.7	0.943	0.7238	0.20251	164.71	380.54	215.83	0.8645	1.7438
-27.6	0.948	0.7239	0.20163	164.84	380.6	215.77	0.865	1.7437
-27.5	0.952	0.7241	0.20076	164.96	380.66	215.71	0.8655	1.7436
-27.4	0.957	0.7242	0.19989	165.08	380.72	215.65	0.8659	1.7434
-27.3	0.961	0.7244	0.19902	165.2	380.79	215.58	0.8664	1.7433
-27.2	0.965	0.7246	0.19816	165.32	380.85	215.52	0.8669	1.7432
-27.1	0.97	0.7247	0.1973	165.45	380.91	215.46	0.8674	1.7431
-27	0.974	0.7249	0.19645	165.57	380.97	215.4	0.8679	1.743
-26.9	0.979	0.725	0.1956	165.69	381.03	215.34	0.8684	1.7429
-26.8	0.983	0.7252	0.19476	165.81	381.1	215.28	0.8689	1.7428
-26.7	0.988	0.7253	0.19392	165.94	381.16	215.22	0.8694	1.7427
-26.6	0.992	0.7255	0.19309	166.06	381.22	215.16	0.8699	1.7426
-26.5	0.997	0.7257	0.19225	166.18	381.28	215.1	0.8704	1.7425
-26.4	1.001	0.7258	0.19143	166.31	381.34	215.04	0.8709	1.7424
-26.3	1.006	0.726	0.19061	166.43	381.41	214.98	0.8714	1.7423
-26.2	1.011	0.7261	0.18979	166.55	381.47	214.92	0.8719	1.7422
-26.1	1.015	0.7263	0.18897	166.67	381.53	214.86	0.8724	1.7421
-26	1.02	0.7264	0.18817	166.8	381.59	214.79	0.8729	1.742
-25.9	1.025	0.7266	0.18736	166.92	381.65	214.73	0.8734	1.7419
-25.8	1.029	0.7268	0.18656	167.04	381.71	214.67	0.8739	1.7418
-25.7	1.034	0.7269	0.18576	167.16	381.78	214.61	0.8744	1.7417
-25.6	1.039	0.7271	0.18497	167.29	381.84	214.55	0.8749	1.7416
-25.5	1.043	0.7272	0.18418	167.41	381.9	214.49	0.8754	1.7415
-25.4	1.048	0.7274	0.1834	167.53	381.96	214.43	0.8759	1.7414
-25.3	1.053	0.7275	0.18261	167.66	382.02	214.37	0.8764	1.7413
-25.2	1.058	0.7277	0.18184	167.78	382.08	214.3	0.8769	1.7412
-25.1	1.062	0.7279	0.18107	167.9	382.15	214.24	0.8774	1.7411
-25	1.067	0.728	0.1803	168.03	382.21	214.18	0.8778	1.741
-24.9	1.072	0.7282	0.17953	168.15	382.27	214.12	0.8783	1.7409
-24.8	1.077	0.7283	0.17877	168.27	382.33	214.06	0.8788	1.7408
-24.7	1.082	0.7285	0.17801	168.4	382.39	214	0.8793	1.7407
-24.6	1.086	0.7287	0.17726	168.52	382.46	213.94	0.8798	1.7406
-24.5	1.091	0.7288	0.17651	168.64	382.52	213.87	0.8803	1.7405
-24.4	1.096	0.729	0.17577	168.77	382.58	213.81	0.8808	1.7404
-24.3	1.101	0.7291	0.17502	168.89	382.64	213.75	0.8813	1.7403
-24.2	1.106	0.7293	0.17429	169.01	382.7	213.69	0.8818	1.7402
-24.1	1.111	0.7295	0.17355	169.14	382.76	213.63	0.8823	1.7401
-24	1.116	0.7296	0.17282	169.26	382.82	213.56	0.8828	1.74
-23.9	1.121	0.7298	0.17209	169.38	382.89	213.5	0.8833	1.7399
-23.8	1.126	0.7299	0.17137	169.51	382.95	213.44	0.8838	1.7398
-23.7	1.131	0.7301	0.17065	169.63	383.01	213.38	0.8843	1.7397
-23.6	1.136	0.7303	0.16993	169.76	383.07	213.32	0.8848	1.7396
-23.5	1.141	0.7304	0.16922	169.88	383.13	213.25	0.8853	1.7395
-23.4	1.146	0.7306	0.16851	170	383.19	213.19	0.8858	1.7394
-23.3	1.151	0.7307	0.16781	170.13	383.26	213.13	0.8863	1.7393
-23.2	1.156	0.7309	0.16711	170.25	383.32	213.07	0.8868	1.7392
-23.1	1.162	0.7311	0.16641	170.38	383.38	213	0.8872	1.7391
-23	1.167	0.7312	0.16571	170.5	383.44	212.94	0.8877	1.739
-22.9	1.172	0.7314	0.16502	170.62	383.5	212.88	0.8882	1.7389
-22.8	1.177	0.7315	0.16434	170.75	383.56	212.82	0.8887	1.7388
-22.7	1.182	0.7317	0.16365	170.87	383.62	212.75	0.8892	1.7387
-22.6	1.188	0.7319	0.16297	171	383.69	212.69	0.8897	1.7386
-22.5	1.193	0.732	0.16229	171.12	383.75	212.63	0.8902	1.7385
-22.4	1.198	0.7322	0.16162	171.24	383.81	212.56	0.8907	1.7384
-22.3	1.203	0.7324	0.16095	171.37	383.87	212.5	0.8912	1.7383
-22.2	1.209	0.7325	0.16028	171.49	383.93	212.44	0.8917	1.7382
-22.1	1.214	0.7327	0.15962	171.62	383.99	212.38	0.8922	1.7381
-22	1.219	0.7328	0.15896	171.74	384.05	212.31	0.8927	1.738
-21.9	1.225	0.733	0.1583	171.87	384.12	212.25	0.8932	1.738
-21.8	1.23	0.7332	0.15765	171.99	384.18	212.19	0.8937	1.7379
-21.7	1.235	0.7333	0.15699	172.11	384.24	212.12	0.8942	1.7378
-21.6	1.241	0.7335	0.15635	172.24	384.3	212.06	0.8947	1.7377
-21.5	1.246	0.7337	0.1557	172.36	384.36	212	0.8951	1.7376
-21.4	1.252	0.7338	0.15506	172.49	384.42	211.93	0.8956	1.7375
-21.3	1.257	0.734	0.15442	172.61	384.48	211.87	0.8961	1.7374
-21.2	1.263	0.7341	0.15379	172.74	384.54	211.81	0.8966	1.7373
-21.1	1.268	0.7343	0.15316	172.86	384.61	211.74	0.8971	1.7372
-21	1.274	0.7345	0.15253	172.99	384.67	211.68	0.8976	1.7371
-20.9	1.279	0.7346	0.1519	173.11	384.73	211.62	0.8981	1.737
-20.8	1.285	0.7348	0.15128	173.24	384.79	211.55	0.8986	1.7369
-20.7	1.29	0.735	0.15066	173.36	384.85	211.49	0.8991	1.7368
-20.6	1.296	0.7351	0.15005	173.49	384.91	211.43	0.8996	1.7368
-20.5	1.301	0.7353	0.14943	173.61	384.97	211.36	0.9001	1.7367
-20.4	1.307	0.7355	0.14882	173.74	385.03	211.3	0.9006	1.7366
-20.3	1.313	0.7356	0.14821	173.86	385.1	211.23	0.9011	1.7365
-20.2	1.318	0.7358	0.14761	173.99	385.16	211.17	0.9016	1.7364
-20.1	1.324	0.736	0.14701	174.11	385.22	211.11	0.9021	1.7363
-20	1.33	0.7361	0.14641	174.24	385.28	211.04	0.9025	1.7362
-19.9	1.336	0.7363	0.14582	174.36	385.34	210.98	0.903	1.7361
-19.8	1.341	0.7364	0.14522	174.49	385.4	210.91	0.9035	1.736
-19.7	1.347	0.7366	0.14463	174.61	385.46	210.85	0.904	1.7359
-19.6	1.353	0.7368	0.14405	174.74	385.52	210.79	0.9045	1.7359
-19.5	1.359	0.7369	0.14346	174.86	385.58	210.72	0.905	1.7358
-19.4	1.365	0.7371	0.14288	174.99	385.65	210.66	0.9055	1.7357
-19.3	1.37	0.7373	0.1423	175.11	385.71	210.59	0.906	1.7356
-19.2	1.376	0.7374	0.14173	175.24	385.77	210.53	0.9065	1.7355
-19.1	1.382	0.7376	0.14116	175.36	385.83	210.46	0.907	1.7354
-19	1.388	0.7378	0.14059	175.49	385.89	210.4	0.9075	1.7353
-18.9	1.394	0.7379	0.14002	175.61	385.95	210.34	0.908	1.7352
-18.8	1.4	0.7381	0.13946	175.74	386.01	210.27	0.9085	1.7351
-18.7	1.406	0.7383	0.13889	175.87	386.07	210.21	0.9089	1.7351
-18.6	1.412	0.7384	0.13834	175.99	386.13	210.14	0.9094	1.735
-18.5	1.418	0.7386	0.13778	176.12	386.19	210.08	0.9099	1.7349
-18.4	1.424	0.7388	0.13723	176.24	386.25	210.01	0.9104	1.7348
-18.3	1.43	0.7389	0.13667	176.37	386.32	209.95	0.9109	1.7347
-18.2	1.436	0.7391	0.13613	176.49	386.38	209.88	0.9114	1.7346
-18.1	1.442	0.7393	0.13558	176.62	386.44	209.82	0.9119	1.7345
-18	1.448	0.7394	0.13504	176.75	386.5	209.75	0.9124	1.7345
-17.9	1.454	0.7396	0.1345	176.87	386.56	209.69	0.9129	1.7344
-17.8	1.461	0.7398	0.13396	177	386.62	209.62	0.9134	1.7343
-17.7	1.467	0.7399	0.13343	177.12	386.68	209.56	0.9139	1.7342
-17.6	1.473	0.7401	0.13289	177.25	386.74	209.49	0.9144	1.7341
-17.5	1.479	0.7403	0.13236	177.38	386.8	209.43	0.9148	1.734
-17.4	1.485	0.7405	0.13184	177.5	386.86	209.36	0.9153	1.7339
-17.3	1.492	0.7406	0.13131	177.63	386.92	209.3	0.9158	1.7339
-17.2	1.498	0.7408	0.13079	177.75	386.98	209.23	0.9163	1.7338
-17.1	1.504	0.741	0.13027	177.88	387.05	209.17	0.9168	1.7337
-17	1.511	0.7411	0.12975	178.01	387.11	209.1	0.9173	1.7336
-16.9	1.517	0.7413	0.12924	178.13	387.17	209.03	0.9178	1.7335
-16.8	1.523	0.7415	0.12873	178.26	387.23	208.97	0.9183	1.7334
-16.7	1.53	0.7416	0.12822	178.39	387.29	208.9	0.9188	1.7334
-16.6	1.536	0.7418	0.12771	178.51	387.35	208.84	0.9193	1.7333
-16.5	1.542	0.742	0.1272	178.64	387.41	208.77	0.9198	1.7332
-16.4	1.549	0.7421	0.1267	178.76	387.47	208.71	0.9202	1.7331
-16.3	1.555	0.7423	0.1262	178.89	387.53	208.64	0.9207	1.733
-16.2	1.562	0.7425	0.1257	179.02	387.59	208.57	0.9212	1.733
-16.1	1.568	0.7427	0.12521	179.14	387.65	208.51	0.9217	1.7329
-16	1.575	0.7428	0.12471	179.27	387.71	208.44	0.9222	1.7328
-15.9	1.581	0.743	0.12422	179.4	387.77	208.38	0.9227	1.7327
-15.8	1.588	0.7432	0.12374	179.52	387.83	208.31	0.9232	1.7326
-15.7	1.595	0.7433	0.12325	179.65	387.89	208.24	0.9237	1.7325
-15.6	1.601	0.7435	0.12277	179.78	387.95	208.18	0.9242	1.7325
-15.5	1.608	0.7437	0.12228	179.9	388.02	208.11	0.9247	1.7324
-15.4	1.614	0.7438	0.1218	180.03	388.08	208.04	0.9251	1.7323
-15.3	1.621	0.744	0.12133	180.16	388.14	207.98	0.9256	1.7322
-15.2	1.628	0.7442	0.12085	180.28	388.2	207.91	0.9261	1.7321
-15.1	1.635	0.7444	0.12038	180.41	388.26	207.85	0.9266	1.7321
-15	1.641	0.7445	0.11991	180.54	388.32	207.78	0.9271	1.732
-14.9	1.648	0.7447	0.11944	180.67	388.38	207.71	0.9276	1.7319
-14.8	1.655	0.7449	0.11898	180.79	388.44	207.65	0.9281	1.7318
-14.7	1.662	0.7451	0.11851	180.92	388.5	207.58	0.9286	1.7317
-14.6	1.668	0.7452	0.11805	181.05	388.56	207.51	0.9291	1.7317
-14.5	1.675	0.7454	0.11759	181.17	388.62	207.45	0.9296	1.7316
-14.4	1.682	0.7456	0.11713	181.3	388.68	207.38	0.93	1.7315
-14.3	1.689	0.7457	0.11668	181.43	388.74	207.31	0.9305	1.7314
-14.2	1.696	0.7459	0.11623	181.56	388.8	207.24	0.931	1.7314
-14.1	1.703	0.7461	0.11578	181.68	388.86	207.18	0.9315	1.7313
-14	1.71	0.7463	0.11533	181.81	388.92	207.11	0.932	1.7312
-13.9	1.717	0.7464	0.11488	181.94	388.98	207.04	0.9325	1.7311
-13.8	1.724	0.7466	0.11444	182.07	389.04	206.98	0.933	1.731
-13.7	1.731	0.7468	0.11399	182.19	389.1	206.91	0.9335	1.731
-13.6	1.738	0.747	0.11355	182.32	389.16	206.84	0.934	1.7309
-13.5	1.745	0.7471	0.11311	182.45	389.22	206.77	0.9344	1.7308
-13.4	1.752	0.7473	0.11268	182.58	389.28	206.71	0.9349	1.7307
-13.3	1.759	0.7475	0.11224	182.7	389.34	206.64	0.9354	1.7307
-13.2	1.766	0.7477	0.11181	182.83	389.4	206.57	0.9359	1.7306
-13.1	1.774	0.7478	0.11138	182.96	389.46	206.51	0.9364	1.7305
-13	1.781	0.748	0.11095	183.09	389.52	206.44	0.9369	1.7304
-12.9	1.788	0.7482	0.11053	183.21	389.58	206.37	0.9374	1.7304
-12.8	1.795	0.7484	0.1101	183.34	389.64	206.3	0.9379	1.7303
-12.7	1.803	0.7485	0.10968	183.47	389.7	206.23	0.9384	1.7302
-12.6	1.81	0.7487	0.10926	183.6	389.76	206.17	0.9388	1.7301
-12.5	1.817	0.7489	0.10884	183.72	389.82	206.1	0.9393	1.7301
-12.4	1.824	0.7491	0.10842	183.85	389.88	206.03	0.9398	1.73
-12.3	1.832	0.7492	0.10801	183.98	389.94	205.96	0.9403	1.7299
-12.2	1.839	0.7494	0.1076	184.11	390	205.9	0.9408	1.7298
-12.1	1.847	0.7496	0.10719	184.24	390.06	205.83	0.9413	1.7298
-12	1.854	0.7498	0.10678	184.36	390.12	205.76	0.9418	1.7297
-11.9	1.861	0.7499	0.10637	184.49	390.18	205.69	0.9423	1.7296
-11.8	1.869	0.7501	0.10597	184.62	390.24	205.62	0.9428	1.7295
-11.7	1.876	0.7503	0.10556	184.75	390.3	205.55	0.9432	1.7295
-11.6	1.884	0.7505	0.10516	184.88	390.36	205.49	0.9437	1.7294
-11.5	1.891	0.7506	0.10476	185.01	390.42	205.42	0.9442	1.7293
-11.4	1.899	0.7508	0.10436	185.13	390.48	205.35	0.9447	1.7292
-11.3	1.907	0.751	0.10397	185.26	390.54	205.28	0.9452	1.7292
-11.2	1.914	0.7512	0.10357	185.39	390.6	205.21	0.9457	1.7291
-11.1	1.922	0.7513	0.10318	185.52	390.66	205.14	0.9462	1.729
-11	1.929	0.7515	0.10279	185.65	390.72	205.08	0.9467	1.7289
-10.9	1.937	0.7517	0.1024	185.78	390.78	205.01	0.9471	1.7289
-10.8	1.945	0.7519	0.10201	185.9	390.84	204.94	0.9476	1.7288
-10.7	1.953	0.7521	0.10163	186.03	390.9	204.87	0.9481	1.7287
-10.6	1.96	0.7522	0.10125	186.16	390.96	204.8	0.9486	1.7287
-10.5	1.968	0.7524	0.10086	186.29	391.02	204.73	0.9491	1.7286
-10.4	1.976	0.7526	0.10048	186.42	391.08	204.66	0.9496	1.7285
-10.3	1.984	0.7528	0.10011	186.55	391.14	204.59	0.9501	1.7284
-10.2	1.992	0.753	0.09973	186.68	391.2	204.53	0.9506	1.7284
-10.1	1.999	0.7531	0.09935	186.81	391.26	204.46	0.951	1.7283
-10	2.007	0.7533	0.09898	186.93	391.32	204.39	0.9515	1.7282
-9.9	2.015	0.7535	0.09861	187.06	391.38	204.32	0.952	1.7282
-9.8	2.023	0.7537	0.09824	187.19	391.44	204.25	0.9525	1.7281
-9.7	2.031	0.7539	0.09787	187.32	391.5	204.18	0.953	1.728
-9.6	2.039	0.754	0.0975	187.45	391.56	204.11	0.9535	1.7279
-9.5	2.047	0.7542	0.09714	187.58	391.62	204.04	0.954	1.7279
-9.4	2.055	0.7544	0.09678	187.71	391.68	203.97	0.9545	1.7278
-9.3	2.063	0.7546	0.09642	187.84	391.74	203.9	0.9549	1.7277
-9.2	2.071	0.7548	0.09606	187.97	391.8	203.83	0.9554	1.7277
-9.1	2.079	0.7549	0.0957	188.09	391.86	203.76	0.9559	1.7276
-9	2.088	0.7551	0.09534	188.22	391.92	203.69	0.9564	1.7275
-8.9	2.096	0.7553	0.09499	188.35	391.98	203.62	0.9569	1.7275
-8.8	2.104	0.7555	0.09463	188.48	392.04	203.55	0.9574	1.7274
-8.7	2.112	0.7557	0.09428	188.61	392.1	203.48	0.9579	1.7273
-8.6	2.12	0.7558	0.09393	188.74	392.15	203.41	0.9584	1.7273
-8.5	2.129	0.756	0.09358	188.87	392.21	203.34	0.9588	1.7272
-8.4	2.137	0.7562	0.09323	189	392.27	203.27	0.9593	1.7271
-8.3	2.145	0.7564	0.09289	189.13	392.33	203.2	0.9598	1.7271
-8.2	2.154	0.7566	0.09254	189.26	392.39	203.13	0.9603	1.727
-8.1	2.162	0.7567	0.0922	189.39	392.45	203.06	0.9608	1.7269
-8	2.17	0.7569	0.09186	189.52	392.51	202.99	0.9613	1.7269
-7.9	2.179	0.7571	0.09152	189.65	392.57	202.92	0.9618	1.7268
-7.8	2.187	0.7573	0.09118	189.78	392.63	202.85	0.9622	1.7267
-7.7	2.196	0.7575	0.09085	189.91	392.69	202.78	0.9627	1.7267
-7.6	2.204	0.7577	0.09051	190.04	392.75	202.71	0.9632	1.7266
-7.5	2.213	0.7578	0.09018	190.17	392.81	202.64	0.9637	1.7265
-7.4	2.221	0.758	0.08984	190.3	392.87	202.57	0.9642	1.7265
-7.3	2.23	0.7582	0.08951	190.43	392.93	202.5	0.9647	1.7264
-7.2	2.238	0.7584	0.08918	190.56	392.99	202.43	0.9652	1.7263
-7.1	2.247	0.7586	0.08886	190.69	393.04	202.36	0.9656	1.7263
-7	2.256	0.7588	0.08853	190.82	393.1	202.29	0.9661	1.7262
-6.9	2.264	0.7589	0.08821	190.95	393.16	202.22	0.9666	1.7261
-6.8	2.273	0.7591	0.08788	191.08	393.22	202.15	0.9671	1.7261
-6.7	2.282	0.7593	0.08756	191.21	393.28	202.08	0.9676	1.726
-6.6	2.291	0.7595	0.08724	191.34	393.34	202.01	0.9681	1.7259
-6.5	2.299	0.7597	0.08692	191.47	393.4	201.93	0.9686	1.7259
-6.4	2.308	0.7599	0.0866	191.6	393.46	201.86	0.969	1.7258
-6.3	2.317	0.7601	0.08629	191.73	393.52	201.79	0.9695	1.7257
-6.2	2.326	0.7602	0.08597	191.86	393.58	201.72	0.97	1.7257
-6.1	2.335	0.7604	0.08566	191.99	393.64	201.65	0.9705	1.7256
-6	2.344	0.7606	0.08535	192.12	393.7	201.58	0.971	1.7255
-5.9	2.353	0.7608	0.08504	192.25	393.75	201.51	0.9715	1.7255
-5.8	2.361	0.761	0.08473	192.38	393.81	201.44	0.972	1.7254
-5.7	2.37	0.7612	0.08442	192.51	393.87	201.36	0.9724	1.7253
-5.6	2.379	0.7614	0.08411	192.64	393.93	201.29	0.9729	1.7253
-5.5	2.389	0.7615	0.08381	192.77	393.99	201.22	0.9734	1.7252
-5.4	2.398	0.7617	0.0835	192.9	394.05	201.15	0.9739	1.7252
-5.3	2.407	0.7619	0.0832	193.03	394.11	201.08	0.9744	1.7251
-5.2	2.416	0.7621	0.0829	193.16	394.17	201.01	0.9749	1.725
-5.1	2.425	0.7623	0.0826	193.29	394.23	200.94	0.9753	1.725
-5	2.434	0.7625	0.0823	193.42	394.28	200.86	0.9758	1.7249
-4.9	2.443	0.7627	0.082	193.55	394.34	200.79	0.9763	1.7248
-4.8	2.453	0.7629	0.08171	193.68	394.4	200.72	0.9768	1.7248
-4.7	2.462	0.763	0.08141	193.81	394.46	200.65	0.9773	1.7247
-4.6	2.471	0.7632	0.08112	193.94	394.52	200.58	0.9778	1.7247
-4.5	2.48	0.7634	0.08082	194.07	394.58	200.5	0.9783	1.7246
-4.4	2.49	0.7636	0.08053	194.21	394.64	200.43	0.9787	1.7245
-4.3	2.499	0.7638	0.08024	194.34	394.7	200.36	0.9792	1.7245
-4.2	2.508	0.764	0.07995	194.47	394.75	200.29	0.9797	1.7244
-4.1	2.518	0.7642	0.07967	194.6	394.81	200.21	0.9802	1.7243
-4	2.527	0.7644	0.07938	194.73	394.87	200.14	0.9807	1.7243
-3.9	2.537	0.7646	0.0791	194.86	394.93	200.07	0.9812	1.7242
-3.8	2.546	0.7647	0.07881	194.99	394.99	200	0.9816	1.7242
-3.7	2.556	0.7649	0.07853	195.12	395.05	199.93	0.9821	1.7241
-3.6	2.565	0.7651	0.07825	195.25	395.11	199.85	0.9826	1.724
-3.5	2.575	0.7653	0.07797	195.39	395.16	199.78	0.9831	1.724
-3.4	2.585	0.7655	0.07769	195.52	395.22	199.71	0.9836	1.7239
-3.3	2.594	0.7657	0.07741	195.65	395.28	199.63	0.9841	1.7239
-3.2	2.604	0.7659	0.07714	195.78	395.34	199.56	0.9845	1.7238
-3.1	2.614	0.7661	0.07686	195.91	395.4	199.49	0.985	1.7237
-3	2.623	0.7663	0.07659	196.04	395.46	199.42	0.9855	1.7237
-2.9	2.633	0.7665	0.07631	196.17	395.52	199.34	0.986	1.7236
-2.8	2.643	0.7666	0.07604	196.3	395.57	199.27	0.9865	1.7236
-2.7	2.653	0.7668	0.07577	196.44	395.63	199.2	0.987	1.7235
-2.6	2.662	0.767	0.0755	196.57	395.69	199.12	0.9874	1.7234
-2.5	2.672	0.7672	0.07523	196.7	395.75	199.05	0.9879	1.7234
-2.4	2.682	0.7674	0.07497	196.83	395.81	198.98	0.9884	1.7233
-2.3	2.692	0.7676	0.0747	196.96	395.87	198.9	0.9889	1.7233
-2.2	2.702	0.7678	0.07444	197.09	395.92	198.83	0.9894	1.7232
-2.1	2.712	0.768	0.07417	197.23	395.98	198.76	0.9899	1.7232
-2	2.722	0.7682	0.07391	197.36	396.04	198.68	0.9903	1.7231
-1.9	2.732	0.7684	0.07365	197.49	396.1	198.61	0.9908	1.723
-1.8	2.742	0.7686	0.07339	197.62	396.16	198.54	0.9913	1.723
-1.7	2.752	0.7688	0.07313	197.75	396.22	198.46	0.9918	1.7229
-1.6	2.762	0.769	0.07287	197.88	396.27	198.39	0.9923	1.7229
-1.5	2.773	0.7691	0.07261	198.02	396.33	198.32	0.9928	1.7228
-1.4	2.783	0.7693	0.07236	198.15	396.39	198.24	0.9932	1.7227
-1.3	2.793	0.7695	0.0721	198.28	396.45	198.17	0.9937	1.7227
-1.2	2.803	0.7697	0.07185	198.41	396.51	198.09	0.9942	1.7226
-1.1	2.813	0.7699	0.0716	198.54	396.57	198.02	0.9947	1.7226
-1	2.824	0.7701	0.07135	198.68	396.62	197.95	0.9952	1.7225
-0.9	2.834	0.7703	0.07109	198.81	396.68	197.87	0.9957	1.7225
-0.8	2.844	0.7705	0.07085	198.94	396.74	197.8	0.9961	1.7224
-0.7	2.855	0.7707	0.0706	199.07	396.8	197.72	0.9966	1.7224
-0.6	2.865	0.7709	0.07035	199.21	396.86	197.65	0.9971	1.7223
-0.5	2.876	0.7711	0.0701	199.34	396.91	197.58	0.9976	1.7222
-0.4	2.886	0.7713	0.06986	199.47	396.97	197.5	0.9981	1.7222
-0.3	2.897	0.7715	0.06961	199.6	397.03	197.43	0.9986	1.7221
-0.2	2.907	0.7717	0.06937	199.74	397.09	197.35	0.999	1.7221
-0.1	2.918	0.7719	0.06913	199.87	397.15	197.28	0.9995	1.722
0	2.928	0.7721	0.06889	200	397.2	197.2	1	1.722
0.1	2.939	0.7723	0.06865	200.13	397.26	197.13	1.0005	1.7219
0.2	2.949	0.7725	0.06841	200.27	397.32	197.05	1.001	1.7218
0.3	2.96	0.7727	0.06817	200.4	397.38	196.98	1.0014	1.7218
0.4	2.971	0.7729	0.06793	200.53	397.43	196.9	1.0019	1.7217
0.5	2.982	0.7731	0.0677	200.66	397.49	196.83	1.0024	1.7217
0.6	2.992	0.7733	0.06746	200.8	397.55	196.75	1.0029	1.7216
0.7	3.003	0.7735	0.06723	200.93	397.61	196.68	1.0034	1.7216
0.8	3.014	0.7736	0.06699	201.06	397.67	196.6	1.0039	1.7215
0.9	3.025	0.7738	0.06676	201.19	397.72	196.53	1.0043	1.7215
1	3.036	0.774	0.06653	201.33	397.78	196.45	1.0048	1.7214
1.1	3.047	0.7742	0.0663	201.46	397.84	196.38	1.0053	1.7214
1.2	3.058	0.7744	0.06607	201.59	397.9	196.3	1.0058	1.7213
1.3	3.069	0.7746	0.06584	201.73	397.95	196.23	1.0063	1.7213
1.4	3.08	0.7748	0.06561	201.86	398.01	196.15	1.0067	1.7212
1.5	3.091	0.775	0.06539	201.99	398.07	196.08	1.0072	1.7211
1.6	3.102	0.7752	0.06516	202.12	398.13	196	1.0077	1.7211
1.7	3.113	0.7754	0.06494	202.26	398.18	195.93	1.0082	1.721
1.8	3.124	0.7756	0.06471	202.39	398.24	195.85	1.0087	1.721
1.9	3.135	0.7758	0.06449	202.52	398.3	195.78	1.0091	1.7209
2	3.146	0.776	0.06427	202.66	398.36	195.7	1.0096	1.7209
2.1	3.157	0.7762	0.06405	202.79	398.41	195.62	1.0101	1.7208
2.2	3.169	0.7764	0.06383	202.92	398.47	195.55	1.0106	1.7208
2.3	3.18	0.7766	0.06361	203.06	398.53	195.47	1.0111	1.7207
2.4	3.191	0.7768	0.06339	203.19	398.59	195.4	1.0116	1.7207
2.5	3.203	0.777	0.06317	203.32	398.64	195.32	1.012	1.7206
2.6	3.214	0.7772	0.06295	203.46	398.7	195.24	1.0125	1.7206
2.7	3.225	0.7774	0.06274	203.59	398.76	195.17	1.013	1.7205
2.8	3.237	0.7776	0.06252	203.72	398.82	195.09	1.0135	1.7205
2.9	3.248	0.7778	0.06231	203.86	398.87	195.02	1.014	1.7204
3	3.26	0.7781	0.0621	203.99	398.93	194.94	1.0144	1.7204
3.1	3.271	0.7783	0.06189	204.13	398.99	194.86	1.0149	1.7203
3.2	3.283	0.7785	0.06167	204.26	399.05	194.79	1.0154	1.7203
3.3	3.294	0.7787	0.06146	204.39	399.1	194.71	1.0159	1.7202
3.4	3.306	0.7789	0.06125	204.53	399.16	194.63	1.0164	1.7202
3.5	3.318	0.7791	0.06105	204.66	399.22	194.56	1.0168	1.7201
3.6	3.329	0.7793	0.06084	204.79	399.27	194.48	1.0173	1.7201
3.7	3.341	0.7795	0.06063	204.93	399.33	194.4	1.0178	1.72
3.8	3.353	0.7797	0.06042	205.06	399.39	194.33	1.0183	1.72
3.9	3.365	0.7799	0.06022	205.2	399.45	194.25	1.0188	1.7199
4	3.376	0.7801	0.06001	205.33	399.5	194.17	1.0192	1.7199
4.1	3.388	0.7803	0.05981	205.46	399.56	194.1	1.0197	1.7198
4.2	3.4	0.7805	0.05961	205.6	399.62	194.02	1.0202	1.7197
4.3	3.412	0.7807	0.05941	205.73	399.67	193.94	1.0207	1.7197
4.4	3.424	0.7809	0.0592	205.87	399.73	193.87	1.0212	1.7197
4.5	3.436	0.7811	0.059	206	399.79	193.79	1.0216	1.7196
4.6	3.448	0.7813	0.05881	206.13	399.85	193.71	1.0221	1.7196
4.7	3.46	0.7815	0.05861	206.27	399.9	193.63	1.0226	1.7195
4.8	3.472	0.7817	0.05841	206.4	399.96	193.56	1.0231	1.7195
4.9	3.484	0.7819	0.05821	206.54	400.02	193.48	1.0236	1.7194
5	3.496	0.7821	0.05801	206.67	400.07	193.4	1.024	1.7194
5.1	3.509	0.7823	0.05782	206.81	400.13	193.32	1.0245	1.7193
5.2	3.521	0.7826	0.05762	206.94	400.19	193.25	1.025	1.7193
5.3	3.533	0.7828	0.05743	207.07	400.24	193.17	1.0255	1.7192
5.4	3.545	0.783	0.05724	207.21	400.3	193.09	1.026	1.7192
5.5	3.557	0.7832	0.05704	207.34	400.36	193.01	1.0264	1.7191
5.6	3.57	0.7834	0.05685	207.48	400.41	192.94	1.0269	1.7191
5.7	3.582	0.7836	0.05666	207.61	400.47	192.86	1.0274	1.719
5.8	3.595	0.7838	0.05647	207.75	400.53	192.78	1.0279	1.719
5.9	3.607	0.784	0.05628	207.88	400.58	192.7	1.0284	1.7189
6	3.619	0.7842	0.05609	208.02	400.64	192.62	1.0288	1.7189
6.1	3.632	0.7844	0.05591	208.15	400.7	192.55	1.0293	1.7188
6.2	3.644	0.7846	0.05572	208.29	400.75	192.47	1.0298	1.7188
6.3	3.657	0.7848	0.05553	208.42	400.81	192.39	1.0303	1.7187
6.4	3.67	0.785	0.05535	208.56	400.87	192.31	1.0307	1.7187
6.5	3.682	0.7853	0.05516	208.69	400.92	192.23	1.0312	1.7186
6.6	3.695	0.7855	0.05498	208.83	400.98	192.15	1.0317	1.7186
6.7	3.708	0.7857	0.0548	208.96	401.04	192.08	1.0322	1.7185
6.8	3.72	0.7859	0.05461	209.1	401.09	192	1.0327	1.7185
6.9	3.733	0.7861	0.05443	209.23	401.15	191.92	1.0331	1.7184
7	3.746	0.7863	0.05425	209.37	401.21	191.84	1.0336	1.7184
7.1	3.759	0.7865	0.05407	209.5	401.26	191.76	1.0341	1.7184
7.2	3.772	0.7867	0.05389	209.64	401.32	191.68	1.0346	1.7183
7.3	3.784	0.7869	0.05371	209.77	401.37	191.6	1.0351	1.7183
7.4	3.797	0.7872	0.05353	209.91	401.43	191.52	1.0355	1.7182
7.5	3.81	0.7874	0.05335	210.04	401.49	191.45	1.036	1.7182
7.6	3.823	0.7876	0.05318	210.18	401.54	191.37	1.0365	1.7181
7.7	3.836	0.7878	0.053	210.31	401.6	191.29	1.037	1.7181
7.8	3.849	0.788	0.05283	210.45	401.66	191.21	1.0375	1.718
7.9	3.863	0.7882	0.05265	210.58	401.71	191.13	1.0379	1.718
8	3.876	0.7884	0.05248	210.72	401.77	191.05	1.0384	1.7179
8.1	3.889	0.7886	0.0523	210.85	401.82	190.97	1.0389	1.7179
8.2	3.902	0.7888	0.05213	210.99	401.88	190.89	1.0394	1.7178
8.3	3.915	0.7891	0.05196	211.13	401.94	190.81	1.0398	1.7178
8.4	3.929	0.7893	0.05179	211.26	401.99	190.73	1.0403	1.7178
8.5	3.942	0.7895	0.05162	211.4	402.05	190.65	1.0408	1.7177
8.6	3.955	0.7897	0.05145	211.53	402.11	190.57	1.0413	1.7177
8.7	3.969	0.7899	0.05128	211.67	402.16	190.49	1.0418	1.7176
8.8	3.982	0.7901	0.05111	211.8	402.22	190.41	1.0422	1.7176
8.9	3.995	0.7903	0.05094	211.94	402.27	190.33	1.0427	1.7175
9	4.009	0.7906	0.05077	212.08	402.33	190.25	1.0432	1.7175
9.1	4.022	0.7908	0.05061	212.21	402.39	190.17	1.0437	1.7174
9.2	4.036	0.791	0.05044	212.35	402.44	190.09	1.0441	1.7174
9.3	4.049	0.7912	0.05027	212.48	402.5	190.01	1.0446	1.7174
9.4	4.063	0.7914	0.05011	212.62	402.55	189.93	1.0451	1.7173
9.5	4.077	0.7916	0.04995	212.76	402.61	189.85	1.0456	1.7173
9.6	4.09	0.7919	0.04978	212.89	402.66	189.77	1.0461	1.7172
9.7	4.104	0.7921	0.04962	213.03	402.72	189.69	1.0465	1.7172
9.8	4.118	0.7923	0.04946	213.16	402.78	189.61	1.047	1.7171
9.9	4.132	0.7925	0.04929	213.3	402.83	189.53	1.0475	1.7171
10	4.145	0.7927	0.04913	213.44	402.89	189.45	1.048	1.717
10.1	4.159	0.7929	0.04897	213.57	402.94	189.37	1.0484	1.717
10.2	4.173	0.7932	0.04881	213.71	403	189.29	1.0489	1.717
10.3	4.187	0.7934	0.04865	213.85	403.05	189.21	1.0494	1.7169
10.4	4.201	0.7936	0.0485	213.98	403.11	189.13	1.0499	1.7169
10.5	4.215	0.7938	0.04834	214.12	403.17	189.05	1.0503	1.7168
10.6	4.229	0.794	0.04818	214.25	403.22	188.97	1.0508	1.7168
10.7	4.243	0.7943	0.04802	214.39	403.28	188.89	1.0513	1.7167
10.8	4.257	0.7945	0.04787	214.53	403.33	188.81	1.0518	1.7167
10.9	4.271	0.7947	0.04771	214.66	403.39	188.72	1.0523	1.7167
11	4.286	0.7949	0.04756	214.8	403.44	188.64	1.0527	1.7166
11.1	4.3	0.7951	0.0474	214.94	403.5	188.56	1.0532	1.7166
11.2	4.314	0.7953	0.04725	215.07	403.55	188.48	1.0537	1.7165
11.3	4.328	0.7956	0.0471	215.21	403.61	188.4	1.0542	1.7165
11.4	4.343	0.7958	0.04694	215.35	403.66	188.32	1.0546	1.7164
11.5	4.357	0.796	0.04679	215.48	403.72	188.24	1.0551	1.7164
11.6	4.371	0.7962	0.04664	215.62	403.78	188.15	1.0556	1.7164
11.7	4.386	0.7965	0.04649	215.76	403.83	188.07	1.0561	1.7163
11.8	4.4	0.7967	0.04634	215.89	403.89	187.99	1.0565	1.7163
11.9	4.415	0.7969	0.04619	216.03	403.94	187.91	1.057	1.7162
12	4.429	0.7971	0.04604	216.17	404	187.83	1.0575	1.7162
12.1	4.444	0.7973	0.04589	216.31	404.05	187.75	1.058	1.7162
12.2	4.459	0.7976	0.04575	216.44	404.11	187.66	1.0585	1.7161
12.3	4.473	0.7978	0.0456	216.58	404.16	187.58	1.0589	1.7161
12.4	4.488	0.798	0.04545	216.72	404.22	187.5	1.0594	1.716
12.5	4.503	0.7982	0.04531	216.85	404.27	187.42	1.0599	1.716
12.6	4.517	0.7985	0.04516	216.99	404.33	187.34	1.0604	1.7159
12.7	4.532	0.7987	0.04501	217.13	404.38	187.25	1.0608	1.7159
12.8	4.547	0.7989	0.04487	217.27	404.44	187.17	1.0613	1.7159
12.9	4.562	0.7991	0.04473	217.4	404.49	187.09	1.0618	1.7158
13	4.577	0.7994	0.04458	217.54	404.55	187.01	1.0623	1.7158
13.1	4.592	0.7996	0.04444	217.68	404.6	186.92	1.0627	1.7157
13.2	4.607	0.7998	0.0443	217.82	404.66	186.84	1.0632	1.7157
13.3	4.622	0.8	0.04416	217.95	404.71	186.76	1.0637	1.7157
13.4	4.637	0.8003	0.04401	218.09	404.77	186.68	1.0642	1.7156
13.5	4.652	0.8005	0.04387	218.23	404.82	186.59	1.0646	1.7156
13.6	4.667	0.8007	0.04373	218.37	404.88	186.51	1.0651	1.7155
13.7	4.682	0.8009	0.04359	218.5	404.93	186.43	1.0656	1.7155
13.8	4.697	0.8012	0.04345	218.64	404.99	186.35	1.0661	1.7155
13.9	4.713	0.8014	0.04332	218.78	405.04	186.26	1.0665	1.7154
14	4.728	0.8016	0.04318	218.92	405.1	186.18	1.067	1.7154
14.1	4.743	0.8018	0.04304	219.05	405.15	186.1	1.0675	1.7153
14.2	4.759	0.8021	0.0429	219.19	405.21	186.01	1.068	1.7153
14.3	4.774	0.8023	0.04277	219.33	405.26	185.93	1.0684	1.7153
14.4	4.789	0.8025	0.04263	219.47	405.31	185.85	1.0689	1.7152
14.5	4.805	0.8027	0.0425	219.61	405.37	185.76	1.0694	1.7152
14.6	4.82	0.803	0.04236	219.74	405.42	185.68	1.0699	1.7151
14.7	4.836	0.8032	0.04223	219.88	405.48	185.6	1.0703	1.7151
14.8	4.852	0.8034	0.04209	220.02	405.53	185.51	1.0708	1.7151
14.9	4.867	0.8037	0.04196	220.16	405.59	185.43	1.0713	1.715
15	4.883	0.8039	0.04183	220.3	405.64	185.34	1.0718	1.715
15.1	4.899	0.8041	0.04169	220.43	405.7	185.26	1.0722	1.715
15.2	4.914	0.8044	0.04156	220.57	405.75	185.18	1.0727	1.7149
15.3	4.93	0.8046	0.04143	220.71	405.8	185.09	1.0732	1.7149
15.4	4.946	0.8048	0.0413	220.85	405.86	185.01	1.0737	1.7148
15.5	4.962	0.805	0.04117	220.99	405.91	184.93	1.0741	1.7148
15.6	4.978	0.8053	0.04104	221.13	405.97	184.84	1.0746	1.7148
15.7	4.994	0.8055	0.04091	221.26	406.02	184.76	1.0751	1.7147
15.8	5.01	0.8057	0.04078	221.4	406.08	184.67	1.0756	1.7147
15.9	5.026	0.806	0.04065	221.54	406.13	184.59	1.076	1.7146
16	5.042	0.8062	0.04052	221.68	406.18	184.5	1.0765	1.7146
16.1	5.058	0.8064	0.0404	221.82	406.24	184.42	1.077	1.7146
16.2	5.074	0.8067	0.04027	221.96	406.29	184.33	1.0775	1.7145
16.3	5.09	0.8069	0.04014	222.1	406.35	184.25	1.0779	1.7145
16.4	5.106	0.8071	0.04002	222.24	406.4	184.17	1.0784	1.7145
16.5	5.122	0.8074	0.03989	222.37	406.45	184.08	1.0789	1.7144
16.6	5.139	0.8076	0.03976	222.51	406.51	184	1.0794	1.7144
16.7	5.155	0.8078	0.03964	222.65	406.56	183.91	1.0798	1.7143
16.8	5.171	0.8081	0.03952	222.79	406.62	183.83	1.0803	1.7143
16.9	5.188	0.8083	0.03939	222.93	406.67	183.74	1.0808	1.7143
17	5.204	0.8085	0.03927	223.07	406.72	183.66	1.0813	1.7142
17.1	5.221	0.8088	0.03915	223.21	406.78	183.57	1.0817	1.7142
17.2	5.237	0.809	0.03902	223.35	406.83	183.49	1.0822	1.7142
17.3	5.254	0.8092	0.0389	223.49	406.89	183.4	1.0827	1.7141
17.4	5.27	0.8095	0.03878	223.62	406.94	183.32	1.0832	1.7141
17.5	5.287	0.8097	0.03866	223.76	406.99	183.23	1.0836	1.7141
17.6	5.304	0.81	0.03854	223.9	407.05	183.14	1.0841	1.714
17.7	5.32	0.8102	0.03842	224.04	407.1	183.06	1.0846	1.714
17.8	5.337	0.8104	0.0383	224.16	407.16	182.99	1.085	1.714
17.9	5.354	0.8107	0.03818	224.3	407.21	182.91	1.0855	1.7139
18	5.371	0.8109	0.03806	224.44	407.26	182.82	1.0859	1.7139
18.1	5.388	0.8111	0.03795	224.58	407.32	182.74	1.0864	1.7138
18.2	5.405	0.8114	0.03783	224.72	407.37	182.65	1.0869	1.7138
18.3	5.422	0.8116	0.03771	224.86	407.42	182.57	1.0874	1.7138
18.4	5.439	0.8119	0.03759	225	407.48	182.48	1.0878	1.7137
18.5	5.456	0.8121	0.03748	225.14	407.53	182.39	1.0883	1.7137
18.6	5.473	0.8123	0.03736	225.28	407.58	182.31	1.0888	1.7137
18.7	5.49	0.8126	0.03724	225.42	407.64	182.22	1.0893	1.7136
18.8	5.507	0.8128	0.03713	225.56	407.69	182.14	1.0897	1.7136
18.9	5.524	0.8131	0.03701	225.7	407.74	182.05	1.0902	1.7136
19	5.541	0.8133	0.0369	225.84	407.8	181.96	1.0907	1.7135
19.1	5.559	0.8135	0.03678	225.97	407.85	181.88	1.0912	1.7135
19.2	5.576	0.8138	0.03667	226.11	407.9	181.79	1.0916	1.7134
19.3	5.593	0.814	0.03656	226.25	407.96	181.7	1.0921	1.7134
19.4	5.611	0.8143	0.03644	226.39	408.01	181.62	1.0926	1.7134
19.5	5.628	0.8145	0.03633	226.53	408.06	181.53	1.093	1.7133
19.6	5.646	0.8147	0.03622	226.67	408.12	181.44	1.0935	1.7133
19.7	5.663	0.815	0.03611	226.81	408.17	181.36	1.094	1.7133
19.8	5.681	0.8152	0.036	226.95	408.22	181.27	1.0945	1.7132
19.9	5.698	0.8155	0.03588	227.09	408.28	181.18	1.0949	1.7132
20	5.716	0.8157	0.03577	227.23	408.33	181.09	1.0954	1.7132
20.1	5.734	0.816	0.03566	227.37	408.38	181.01	1.0959	1.7131
20.2	5.751	0.8162	0.03555	227.51	408.44	180.92	1.0964	1.7131
20.3	5.769	0.8164	0.03545	227.66	408.49	180.83	1.0968	1.7131
20.4	5.787	0.8167	0.03534	227.8	408.54	180.75	1.0973	1.713
20.5	5.805	0.8169	0.03523	227.94	408.59	180.66	1.0978	1.713
20.6	5.823	0.8172	0.03512	228.08	408.65	180.57	1.0983	1.713
20.7	5.841	0.8174	0.03501	228.22	408.7	180.48	1.0987	1.7129
20.8	5.859	0.8177	0.0349	228.36	408.75	180.4	1.0992	1.7129
20.9	5.877	0.8179	0.0348	228.5	408.81	180.31	1.0997	1.7129
21	5.895	0.8182	0.03469	228.64	408.86	180.22	1.1001	1.7128
21.1	5.913	0.8184	0.03458	228.78	408.91	180.13	1.1006	1.7128
21.2	5.931	0.8187	0.03448	228.92	408.96	180.04	1.1011	1.7128
21.3	5.949	0.8189	0.03437	229.06	409.02	179.96	1.1016	1.7127
21.4	5.967	0.8191	0.03427	229.2	409.07	179.87	1.102	1.7127
21.5	5.986	0.8194	0.03416	229.34	409.12	179.78	1.1025	1.7127
21.6	6.004	0.8196	0.03406	229.48	409.17	179.69	1.103	1.7126
21.7	6.022	0.8199	0.03395	229.62	409.23	179.6	1.1035	1.7126
21.8	6.041	0.8201	0.03385	229.76	409.28	179.51	1.1039	1.7126
21.9	6.059	0.8204	0.03375	229.9	409.33	179.43	1.1044	1.7125
22	6.078	0.8206	0.03365	230.05	409.38	179.34	1.1049	1.7125
22.1	6.096	0.8209	0.03354	230.19	409.44	179.25	1.1053	1.7125
22.2	6.115	0.8211	0.03344	230.33	409.49	179.16	1.1058	1.7124
22.3	6.134	0.8214	0.03334	230.47	409.54	179.07	1.1063	1.7124
22.4	6.152	0.8216	0.03324	230.61	409.59	178.98	1.1068	1.7124
22.5	6.171	0.8219	0.03314	230.75	409.64	178.89	1.1072	1.7123
22.6	6.19	0.8221	0.03304	230.89	409.7	178.8	1.1077	1.7123
22.7	6.208	0.8224	0.03294	231.03	409.75	178.72	1.1082	1.7123
22.8	6.227	0.8226	0.03284	231.17	409.8	178.63	1.1086	1.7122
22.9	6.246	0.8229	0.03274	231.32	409.85	178.54	1.1091	1.7122
23	6.265	0.8231	0.03264	231.46	409.91	178.45	1.1096	1.7122
23.1	6.284	0.8234	0.03254	231.6	409.96	178.36	1.1101	1.7121
23.2	6.303	0.8237	0.03244	231.74	410.01	178.27	1.1105	1.7121
23.3	6.322	0.8239	0.03234	231.88	410.06	178.18	1.111	1.7121
23.4	6.341	0.8242	0.03224	232.02	410.11	178.09	1.1115	1.712
23.5	6.36	0.8244	0.03215	232.17	410.17	178	1.112	1.712
23.6	6.379	0.8247	0.03205	232.31	410.22	177.91	1.1124	1.712
23.7	6.399	0.8249	0.03195	232.45	410.27	177.82	1.1129	1.7119
23.8	6.418	0.8252	0.03185	232.59	410.32	177.73	1.1134	1.7119
23.9	6.437	0.8254	0.03176	232.73	410.37	177.64	1.1138	1.7119
24	6.457	0.8257	0.03166	232.87	410.42	177.55	1.1143	1.7118
24.1	6.476	0.8259	0.03157	233.02	410.48	177.46	1.1148	1.7118
24.2	6.495	0.8262	0.03147	233.16	410.53	177.37	1.1153	1.7118
24.3	6.515	0.8265	0.03138	233.3	410.58	177.28	1.1157	1.7117
24.4	6.534	0.8267	0.03128	233.44	410.63	177.19	1.1162	1.7117
24.5	6.554	0.827	0.03119	233.58	410.68	177.1	1.1167	1.7117
24.6	6.574	0.8272	0.0311	233.73	410.73	177.01	1.1171	1.7116
24.7	6.593	0.8275	0.031	233.87	410.79	176.92	1.1176	1.7116
24.8	6.613	0.8277	0.03091	234.01	410.84	176.83	1.1181	1.7116
24.9	6.633	0.828	0.03082	234.15	410.89	176.74	1.1186	1.7115
25	6.653	0.8283	0.03072	234.29	410.94	176.65	1.119	1.7115
25.1	6.672	0.8285	0.03063	234.44	410.99	176.56	1.1195	1.7115
25.2	6.692	0.8288	0.03054	234.58	411.04	176.46	1.12	1.7114
25.3	6.712	0.829	0.03045	234.72	411.09	176.37	1.1204	1.7114
25.4	6.732	0.8293	0.03036	234.86	411.15	176.28	1.1209	1.7114
25.5	6.752	0.8296	0.03027	235.01	411.2	176.19	1.1214	1.7113
25.6	6.772	0.8298	0.03017	235.15	411.25	176.1	1.1219	1.7113
25.7	6.792	0.8301	0.03008	235.29	411.3	176.01	1.1223	1.7113
25.8	6.813	0.8303	0.02999	235.43	411.35	175.92	1.1228	1.7113
25.9	6.833	0.8306	0.0299	235.58	411.4	175.83	1.1233	1.7112
26	6.853	0.8309	0.02982	235.72	411.45	175.73	1.1237	1.7112
26.1	6.873	0.8311	0.02973	235.86	411.5	175.64	1.1242	1.7112
26.2	6.894	0.8314	0.02964	236	411.55	175.55	1.1247	1.7111
26.3	6.914	0.8317	0.02955	236.15	411.61	175.46	1.1252	1.7111
26.4	6.934	0.8319	0.02946	236.29	411.66	175.37	1.1256	1.7111
26.5	6.955	0.8322	0.02937	236.43	411.71	175.27	1.1261	1.711
26.6	6.975	0.8325	0.02929	236.58	411.76	175.18	1.1266	1.711
26.7	6.996	0.8327	0.0292	236.72	411.81	175.09	1.127	1.711
26.8	7.017	0.833	0.02911	236.86	411.86	175	1.1275	1.7109
26.9	7.037	0.8332	0.02903	237	411.91	174.91	1.128	1.7109
27	7.058	0.8335	0.02894	237.15	411.96	174.81	1.1285	1.7109
27.1	7.079	0.8338	0.02885	237.29	412.01	174.72	1.1289	1.7108
27.2	7.099	0.834	0.02877	237.43	412.06	174.63	1.1294	1.7108
27.3	7.12	0.8343	0.02868	237.58	412.11	174.54	1.1299	1.7108
27.4	7.141	0.8346	0.0286	237.72	412.16	174.44	1.1303	1.7108
27.5	7.162	0.8348	0.02851	237.86	412.21	174.35	1.1308	1.7107
27.6	7.183	0.8351	0.02843	238.01	412.27	174.26	1.1313	1.7107
27.7	7.204	0.8354	0.02834	238.15	412.32	174.16	1.1318	1.7107
27.8	7.225	0.8356	0.02826	238.29	412.37	174.07	1.1322	1.7106
27.9	7.246	0.8359	0.02818	238.44	412.42	173.98	1.1327	1.7106
28	7.267	0.8362	0.02809	238.58	412.47	173.89	1.1332	1.7106
28.1	7.289	0.8365	0.02801	238.73	412.52	173.79	1.1336	1.7105
28.2	7.31	0.8367	0.02793	238.87	412.57	173.7	1.1341	1.7105
28.3	7.331	0.837	0.02784	239.01	412.62	173.6	1.1346	1.7105
28.4	7.353	0.8373	0.02776	239.16	412.67	173.51	1.1351	1.7105
28.5	7.374	0.8375	0.02768	239.3	412.72	173.42	1.1355	1.7104
28.6	7.395	0.8378	0.0276	239.44	412.77	173.32	1.136	1.7104
28.7	7.417	0.8381	0.02752	239.59	412.82	173.23	1.1365	1.7104
28.8	7.438	0.8384	0.02743	239.73	412.87	173.14	1.1369	1.7103
28.9	7.46	0.8386	0.02735	239.88	412.92	173.04	1.1374	1.7103
29	7.482	0.8389	0.02727	240.02	412.97	172.95	1.1379	1.7103
29.1	7.503	0.8392	0.02719	240.16	413.02	172.85	1.1383	1.7102
29.2	7.525	0.8394	0.02711	240.31	413.07	172.76	1.1388	1.7102
29.3	7.547	0.8397	0.02703	240.45	413.12	172.67	1.1393	1.7102
29.4	7.569	0.84	0.02695	240.6	413.17	172.57	1.1398	1.7102
29.5	7.591	0.8403	0.02687	240.74	413.22	172.48	1.1402	1.7101
29.6	7.612	0.8405	0.0268	240.89	413.27	172.38	1.1407	1.7101
29.7	7.634	0.8408	0.02672	241.03	413.32	172.29	1.1412	1.7101
29.8	7.656	0.8411	0.02664	241.17	413.37	172.19	1.1416	1.71
29.9	7.678	0.8414	0.02656	241.32	413.42	172.1	1.1421	1.71
30	7.701	0.8416	0.02648	241.46	413.47	172	1.1426	1.71
30.1	7.723	0.8419	0.0264	241.61	413.52	171.91	1.1431	1.7099
30.2	7.745	0.8422	0.02633	241.75	413.57	171.81	1.1435	1.7099
30.3	7.767	0.8425	0.02625	241.9	413.61	171.72	1.144	1.7099
30.4	7.789	0.8428	0.02617	242.04	413.66	171.62	1.1445	1.7099
30.5	7.812	0.843	0.0261	242.19	413.71	171.53	1.1449	1.7098
30.6	7.834	0.8433	0.02602	242.33	413.76	171.43	1.1454	1.7098
30.7	7.857	0.8436	0.02594	242.48	413.81	171.34	1.1459	1.7098
30.8	7.879	0.8439	0.02587	242.62	413.86	171.24	1.1463	1.7097
30.9	7.902	0.8442	0.02579	242.77	413.91	171.15	1.1468	1.7097
31	7.924	0.8444	0.02572	242.91	413.96	171.05	1.1473	1.7097
31.1	7.947	0.8447	0.02564	243.06	414.01	170.95	1.1478	1.7096
31.2	7.97	0.845	0.02557	243.2	414.06	170.86	1.1482	1.7096
31.3	7.992	0.8453	0.02549	243.35	414.11	170.76	1.1487	1.7096
31.4	8.015	0.8456	0.02542	243.49	414.16	170.67	1.1492	1.7096
31.5	8.038	0.8458	0.02534	243.64	414.21	170.57	1.1496	1.7095
31.6	8.061	0.8461	0.02527	243.78	414.25	170.47	1.1501	1.7095
31.7	8.084	0.8464	0.0252	243.93	414.3	170.38	1.1506	1.7095
31.8	8.107	0.8467	0.02512	244.07	414.35	170.28	1.1511	1.7094
31.9	8.13	0.847	0.02505	244.22	414.4	170.18	1.1515	1.7094
32	8.153	0.8473	0.02498	244.36	414.45	170.09	1.152	1.7094
32.1	8.176	0.8475	0.02491	244.51	414.5	169.99	1.1525	1.7094
32.2	8.199	0.8478	0.02483	244.65	414.55	169.89	1.1529	1.7093
32.3	8.222	0.8481	0.02476	244.8	414.6	169.8	1.1534	1.7093
32.4	8.246	0.8484	0.02469	244.94	414.65	169.7	1.1539	1.7093
32.5	8.269	0.8487	0.02462	245.09	414.69	169.6	1.1543	1.7092
32.6	8.292	0.849	0.02455	245.24	414.74	169.51	1.1548	1.7092
32.7	8.316	0.8493	0.02447	245.38	414.79	169.41	1.1553	1.7092
32.8	8.339	0.8496	0.0244	245.53	414.84	169.31	1.1558	1.7092
32.9	8.363	0.8498	0.02433	245.67	414.89	169.21	1.1562	1.7091
33	8.386	0.8501	0.02426	245.82	414.94	169.12	1.1567	1.7091
33.1	8.41	0.8504	0.02419	245.97	414.98	169.02	1.1572	1.7091
33.2	8.434	0.8507	0.02412	246.11	415.03	168.92	1.1576	1.709
33.3	8.457	0.851	0.02405	246.26	415.08	168.82	1.1581	1.709
33.4	8.481	0.8513	0.02398	246.4	415.13	168.73	1.1586	1.709
33.5	8.505	0.8516	0.02391	246.55	415.18	168.63	1.159	1.7089
33.6	8.529	0.8519	0.02384	246.7	415.23	168.53	1.1595	1.7089
33.7	8.553	0.8522	0.02378	246.84	415.27	168.43	1.16	1.7089
33.8	8.577	0.8525	0.02371	246.99	415.32	168.33	1.1605	1.7089
33.9	8.601	0.8527	0.02364	247.13	415.37	168.24	1.1609	1.7088
34	8.625	0.853	0.02357	247.28	415.42	168.14	1.1614	1.7088
34.1	8.649	0.8533	0.0235	247.43	415.47	168.04	1.1619	1.7088
34.2	8.673	0.8536	0.02343	247.57	415.51	167.94	1.1623	1.7087
34.3	8.697	0.8539	0.02337	247.72	415.56	167.84	1.1628	1.7087
34.4	8.722	0.8542	0.0233	247.87	415.61	167.74	1.1633	1.7087
34.5	8.746	0.8545	0.02323	248.01	415.66	167.64	1.1637	1.7087
34.6	8.77	0.8548	0.02317	248.16	415.71	167.54	1.1642	1.7086
34.7	8.795	0.8551	0.0231	248.31	415.75	167.45	1.1647	1.7086
34.8	8.819	0.8554	0.02303	248.45	415.8	167.35	1.1652	1.7086
34.9	8.844	0.8557	0.02297	248.6	415.85	167.25	1.1656	1.7085
35	8.868	0.856	0.0229	248.75	415.9	167.15	1.1661	1.7085
35.1	8.893	0.8563	0.02283	248.9	415.94	167.05	1.1666	1.7085
35.2	8.918	0.8566	0.02277	249.04	415.99	166.95	1.167	1.7085
35.3	8.942	0.8569	0.0227	249.19	416.04	166.85	1.1675	1.7084
35.4	8.967	0.8572	0.02264	249.34	416.09	166.75	1.168	1.7084
35.5	8.992	0.8575	0.02257	249.48	416.13	166.65	1.1684	1.7084
35.6	9.017	0.8578	0.02251	249.63	416.18	166.55	1.1689	1.7083
35.7	9.042	0.8581	0.02244	249.78	416.23	166.45	1.1694	1.7083
35.8	9.067	0.8584	0.02238	249.93	416.27	166.35	1.1699	1.7083
35.9	9.092	0.8587	0.02232	250.07	416.32	166.25	1.1703	1.7083
36	9.117	0.859	0.02225	250.22	416.37	166.15	1.1708	1.7082
36.1	9.142	0.8593	0.02219	250.37	416.42	166.05	1.1713	1.7082
36.2	9.167	0.8596	0.02213	250.52	416.46	165.95	1.1717	1.7082
36.3	9.192	0.8599	0.02206	250.66	416.51	165.85	1.1722	1.7081
36.4	9.218	0.8602	0.022	250.81	416.56	165.75	1.1727	1.7081
36.5	9.243	0.8605	0.02194	250.96	416.6	165.65	1.1731	1.7081
36.6	9.269	0.8608	0.02187	251.11	416.65	165.54	1.1736	1.7081
36.7	9.294	0.8611	0.02181	251.25	416.7	165.44	1.1741	1.708
36.8	9.319	0.8614	0.02175	251.4	416.74	165.34	1.1746	1.708
36.9	9.345	0.8617	0.02169	251.55	416.79	165.24	1.175	1.708
37	9.371	0.862	0.02162	251.7	416.84	165.14	1.1755	1.7079
37.1	9.396	0.8623	0.02156	251.85	416.88	165.04	1.176	1.7079
37.2	9.422	0.8626	0.0215	251.99	416.93	164.94	1.1764	1.7079
37.3	9.448	0.8629	0.02144	252.14	416.98	164.84	1.1769	1.7079
37.4	9.474	0.8632	0.02138	252.29	417.02	164.73	1.1774	1.7078
37.5	9.5	0.8636	0.02132	252.44	417.07	164.63	1.1778	1.7078
37.6	9.525	0.8639	0.02126	252.59	417.12	164.53	1.1783	1.7078
37.7	9.551	0.8642	0.0212	252.73	417.16	164.43	1.1788	1.7077
37.8	9.578	0.8645	0.02114	252.88	417.21	164.33	1.1793	1.7077
37.9	9.604	0.8648	0.02108	253.03	417.25	164.22	1.1797	1.7077
38	9.63	0.8651	0.02102	253.18	417.3	164.12	1.1802	1.7077
38.1	9.656	0.8654	0.02096	253.33	417.35	164.02	1.1807	1.7076
38.2	9.682	0.8657	0.0209	253.48	417.39	163.92	1.1811	1.7076
38.3	9.709	0.866	0.02084	253.63	417.44	163.81	1.1816	1.7076
38.4	9.735	0.8664	0.02078	253.77	417.49	163.71	1.1821	1.7075
38.5	9.761	0.8667	0.02072	253.92	417.53	163.61	1.1825	1.7075
38.6	9.788	0.867	0.02066	254.07	417.58	163.51	1.183	1.7075
38.7	9.814	0.8673	0.0206	254.22	417.62	163.4	1.1835	1.7075
38.8	9.841	0.8676	0.02054	254.37	417.67	163.3	1.184	1.7074
38.9	9.868	0.8679	0.02049	254.52	417.71	163.2	1.1844	1.7074
39	9.894	0.8682	0.02043	254.67	417.76	163.09	1.1849	1.7074
39.1	9.921	0.8686	0.02037	254.82	417.81	162.99	1.1854	1.7073
39.2	9.948	0.8689	0.02031	254.97	417.85	162.89	1.1858	1.7073
39.3	9.975	0.8692	0.02025	255.11	417.9	162.78	1.1863	1.7073
39.4	10.001	0.8695	0.0202	255.26	417.94	162.68	1.1868	1.7073
39.5	10.028	0.8698	0.02014	255.41	417.99	162.57	1.1872	1.7072
39.6	10.055	0.8701	0.02008	255.56	418.03	162.47	1.1877	1.7072
39.7	10.083	0.8705	0.02003	255.71	418.08	162.37	1.1882	1.7072
39.8	10.11	0.8708	0.01997	255.86	418.12	162.26	1.1887	1.7071
39.9	10.137	0.8711	0.01991	256.01	418.17	162.16	1.1891	1.7071
40	10.164	0.8714	0.01986	256.16	418.21	162.05	1.1896	1.7071
40.1	10.191	0.8717	0.0198	256.31	418.26	161.95	1.1901	1.7071
40.2	10.219	0.8721	0.01975	256.46	418.3	161.84	1.1905	1.707
40.3	10.246	0.8724	0.01969	256.61	418.35	161.74	1.191	1.707
40.4	10.274	0.8727	0.01963	256.76	418.39	161.64	1.1915	1.707
40.5	10.301	0.873	0.01958	256.91	418.44	161.53	1.1919	1.7069
40.6	10.329	0.8734	0.01952	257.06	418.48	161.43	1.1924	1.7069
40.7	10.356	0.8737	0.01947	257.21	418.53	161.32	1.1929	1.7069
40.8	10.384	0.874	0.01941	257.36	418.57	161.21	1.1934	1.7069
40.9	10.412	0.8743	0.01936	257.51	418.62	161.11	1.1938	1.7068
41	10.439	0.8747	0.0193	257.66	418.66	161	1.1943	1.7068
41.1	10.467	0.875	0.01925	257.81	418.71	160.9	1.1948	1.7068
41.2	10.495	0.8753	0.0192	257.96	418.75	160.79	1.1952	1.7067
41.3	10.523	0.8756	0.01914	258.11	418.8	160.69	1.1957	1.7067
41.4	10.551	0.876	0.01909	258.26	418.84	160.58	1.1962	1.7067
41.5	10.579	0.8763	0.01903	258.41	418.89	160.48	1.1966	1.7067
41.6	10.607	0.8766	0.01898	258.56	418.93	160.37	1.1971	1.7066
41.7	10.635	0.877	0.01893	258.71	418.97	160.26	1.1976	1.7066
41.8	10.664	0.8773	0.01887	258.86	419.02	160.16	1.1981	1.7066
41.9	10.692	0.8776	0.01882	259.01	419.06	160.05	1.1985	1.7065
42	10.72	0.8779	0.01877	259.16	419.11	159.94	1.199	1.7065
42.1	10.749	0.8783	0.01872	259.31	419.15	159.84	1.1995	1.7065
42.2	10.777	0.8786	0.01866	259.46	419.19	159.73	1.1999	1.7065
42.3	10.806	0.8789	0.01861	259.62	419.24	159.62	1.2004	1.7064
42.4	10.834	0.8793	0.01856	259.77	419.28	159.52	1.2009	1.7064
42.5	10.863	0.8796	0.01851	259.92	419.33	159.41	1.2014	1.7064
42.6	10.891	0.8799	0.01845	260.07	419.37	159.3	1.2018	1.7063
42.7	10.92	0.8803	0.0184	260.22	419.41	159.19	1.2023	1.7063
42.8	10.949	0.8806	0.01835	260.37	419.46	159.09	1.2028	1.7063
42.9	10.978	0.881	0.0183	260.52	419.5	158.98	1.2032	1.7063
43	11.007	0.8813	0.01825	260.67	419.54	158.87	1.2037	1.7062
43.1	11.036	0.8816	0.0182	260.82	419.59	158.76	1.2042	1.7062
43.2	11.065	0.882	0.01815	260.98	419.63	158.66	1.2046	1.7062
43.3	11.094	0.8823	0.0181	261.13	419.68	158.55	1.2051	1.7061
43.4	11.123	0.8826	0.01805	261.28	419.72	158.44	1.2056	1.7061
43.5	11.152	0.883	0.01799	261.43	419.76	158.33	1.2061	1.7061
43.6	11.181	0.8833	0.01794	261.58	419.81	158.22	1.2065	1.706
43.7	11.211	0.8837	0.01789	261.73	419.85	158.11	1.207	1.706
43.8	11.24	0.884	0.01784	261.89	419.89	158.01	1.2075	1.706
43.9	11.269	0.8844	0.01779	262.04	419.93	157.9	1.2079	1.706
44	11.299	0.8847	0.01774	262.19	419.98	157.79	1.2084	1.7059
44.1	11.328	0.885	0.0177	262.34	420.02	157.68	1.2089	1.7059
44.2	11.358	0.8854	0.01765	262.49	420.06	157.57	1.2094	1.7059
44.3	11.388	0.8857	0.0176	262.65	420.11	157.46	1.2098	1.7058
44.4	11.417	0.8861	0.01755	262.8	420.15	157.35	1.2103	1.7058
44.5	11.447	0.8864	0.0175	262.95	420.19	157.24	1.2108	1.7058
44.6	11.477	0.8868	0.01745	263.1	420.23	157.13	1.2112	1.7058
44.7	11.507	0.8871	0.0174	263.25	420.28	157.02	1.2117	1.7057
44.8	11.537	0.8875	0.01735	263.41	420.32	156.91	1.2122	1.7057
44.9	11.567	0.8878	0.0173	263.56	420.36	156.8	1.2126	1.7057
45	11.597	0.8882	0.01726	263.71	420.4	156.69	1.2131	1.7056
45.1	11.627	0.8885	0.01721	263.86	420.45	156.58	1.2136	1.7056
45.2	11.657	0.8889	0.01716	264.02	420.49	156.47	1.2141	1.7056
45.3	11.687	0.8892	0.01711	264.17	420.53	156.36	1.2145	1.7055
45.4	11.718	0.8896	0.01706	264.32	420.57	156.25	1.215	1.7055
45.5	11.748	0.8899	0.01702	264.47	420.62	156.14	1.2155	1.7055
45.6	11.779	0.8903	0.01697	264.63	420.66	156.03	1.2159	1.7055
45.7	11.809	0.8906	0.01692	264.78	420.7	155.92	1.2164	1.7054
45.8	11.84	0.891	0.01688	264.93	420.74	155.81	1.2169	1.7054
45.9	11.87	0.8913	0.01683	265.09	420.78	155.7	1.2174	1.7054
46	11.901	0.8917	0.01678	265.24	420.83	155.59	1.2178	1.7053
46.1	11.931	0.892	0.01674	265.39	420.87	155.47	1.2183	1.7053
46.2	11.962	0.8924	0.01669	265.55	420.91	155.36	1.2188	1.7053
46.3	11.993	0.8927	0.01664	265.7	420.95	155.25	1.2192	1.7052
46.4	12.024	0.8931	0.0166	265.85	420.99	155.14	1.2197	1.7052
46.5	12.055	0.8935	0.01655	266.01	421.03	155.03	1.2202	1.7052
46.6	12.086	0.8938	0.0165	266.16	421.07	154.91	1.2207	1.7051
46.7	12.117	0.8942	0.01646	266.31	421.12	154.8	1.2211	1.7051
46.8	12.148	0.8945	0.01641	266.47	421.16	154.69	1.2216	1.7051
46.9	12.179	0.8949	0.01637	266.62	421.2	154.58	1.2221	1.7051
47	12.211	0.8953	0.01632	266.77	421.24	154.47	1.2225	1.705
47.1	12.242	0.8956	0.01628	266.93	421.28	154.35	1.223	1.705
47.2	12.273	0.896	0.01623	267.08	421.32	154.24	1.2235	1.705
47.3	12.305	0.8963	0.01619	267.24	421.36	154.13	1.224	1.7049
47.4	12.336	0.8967	0.01614	267.39	421.4	154.01	1.2244	1.7049
47.5	12.368	0.8971	0.0161	267.54	421.44	153.9	1.2249	1.7049
47.6	12.399	0.8974	0.01605	267.7	421.49	153.79	1.2254	1.7048
47.7	12.431	0.8978	0.01601	267.85	421.53	153.67	1.2258	1.7048
47.8	12.463	0.8982	0.01596	268.01	421.57	153.56	1.2263	1.7048
47.9	12.494	0.8985	0.01592	268.16	421.61	153.45	1.2268	1.7047
48	12.526	0.8989	0.01588	268.32	421.65	153.33	1.2273	1.7047
48.1	12.558	0.8993	0.01583	268.47	421.69	153.22	1.2277	1.7047
48.2	12.59	0.8996	0.01579	268.62	421.73	153.1	1.2282	1.7046
48.3	12.622	0.9	0.01574	268.78	421.77	152.99	1.2287	1.7046
48.4	12.654	0.9004	0.0157	268.93	421.81	152.88	1.2292	1.7046
48.5	12.686	0.9008	0.01566	269.09	421.85	152.76	1.2296	1.7046
48.6	12.719	0.9011	0.01561	269.24	421.89	152.65	1.2301	1.7045
48.7	12.751	0.9015	0.01557	269.4	421.93	152.53	1.2306	1.7045
48.8	12.783	0.9019	0.01553	269.55	421.97	152.42	1.231	1.7045
48.9	12.816	0.9022	0.01548	269.71	422.01	152.3	1.2315	1.7044
49	12.848	0.9026	0.01544	269.86	422.05	152.19	1.232	1.7044
49.1	12.881	0.903	0.0154	270.02	422.09	152.07	1.2325	1.7044
49.2	12.913	0.9034	0.01536	270.17	422.13	151.96	1.2329	1.7043
49.3	12.946	0.9037	0.01531	270.33	422.17	151.84	1.2334	1.7043
49.4	12.979	0.9041	0.01527	270.48	422.21	151.72	1.2339	1.7043
49.5	13.011	0.9045	0.01523	270.64	422.25	151.61	1.2343	1.7042
49.6	13.044	0.9049	0.01519	270.8	422.29	151.49	1.2348	1.7042
49.7	13.077	0.9053	0.01515	270.95	422.33	151.38	1.2353	1.7042
49.8	13.11	0.9056	0.0151	271.11	422.37	151.26	1.2358	1.7041
49.9	13.143	0.906	0.01506	271.26	422.41	151.14	1.2362	1.7041
50	13.176	0.9064	0.01502	271.42	422.44	151.03	1.2367	1.7041
50.1	13.209	0.9068	0.01498	271.57	422.48	150.91	1.2372	1.704
50.2	13.243	0.9072	0.01494	271.73	422.52	150.79	1.2377	1.704
50.3	13.276	0.9076	0.0149	271.89	422.56	150.68	1.2381	1.704
50.4	13.309	0.9079	0.01486	272.04	422.6	150.56	1.2386	1.7039
50.5	13.343	0.9083	0.01481	272.2	422.64	150.44	1.2391	1.7039
50.6	13.376	0.9087	0.01477	272.35	422.68	150.32	1.2396	1.7039
50.7	13.41	0.9091	0.01473	272.51	422.72	150.21	1.24	1.7038
50.8	13.443	0.9095	0.01469	272.67	422.76	150.09	1.2405	1.7038
50.9	13.477	0.9099	0.01465	272.82	422.79	149.97	1.241	1.7038
51	13.51	0.9103	0.01461	272.98	422.83	149.85	1.2414	1.7037
51.1	13.544	0.9107	0.01457	273.14	422.87	149.73	1.2419	1.7037
51.2	13.578	0.911	0.01453	273.29	422.91	149.62	1.2424	1.7037
51.3	13.612	0.9114	0.01449	273.45	422.95	149.5	1.2429	1.7036
51.4	13.646	0.9118	0.01445	273.61	422.99	149.38	1.2433	1.7036
51.5	13.68	0.9122	0.01441	273.76	423.02	149.26	1.2438	1.7036
51.6	13.714	0.9126	0.01437	273.92	423.06	149.14	1.2443	1.7035
51.7	13.748	0.913	0.01433	274.08	423.1	149.02	1.2448	1.7035
51.8	13.782	0.9134	0.01429	274.23	423.14	148.9	1.2452	1.7035
51.9	13.817	0.9138	0.01425	274.39	423.17	148.78	1.2457	1.7034
52	13.851	0.9142	0.01421	274.55	423.21	148.66	1.2462	1.7034
52.1	13.885	0.9146	0.01417	274.71	423.25	148.54	1.2467	1.7034
52.2	13.92	0.915	0.01414	274.86	423.29	148.42	1.2471	1.7033
52.3	13.954	0.9154	0.0141	275.02	423.33	148.3	1.2476	1.7033
52.4	13.989	0.9158	0.01406	275.18	423.36	148.18	1.2481	1.7033
52.5	14.024	0.9162	0.01402	275.34	423.4	148.06	1.2486	1.7032
52.6	14.058	0.9166	0.01398	275.49	423.44	147.94	1.249	1.7032
52.7	14.093	0.917	0.01394	275.65	423.47	147.82	1.2495	1.7032
52.8	14.128	0.9174	0.0139	275.81	423.51	147.7	1.25	1.7031
52.9	14.163	0.9178	0.01387	275.97	423.55	147.58	1.2504	1.7031
53	14.198	0.9182	0.01383	276.13	423.59	147.46	1.2509	1.703
53.1	14.233	0.9186	0.01379	276.28	423.62	147.34	1.2514	1.703
53.2	14.268	0.919	0.01375	276.44	423.66	147.22	1.2519	1.703
53.3	14.303	0.9194	0.01371	276.6	423.7	147.1	1.2523	1.7029
53.4	14.339	0.9198	0.01368	276.76	423.73	146.97	1.2528	1.7029
53.5	14.374	0.9202	0.01364	276.92	423.77	146.85	1.2533	1.7029
53.6	14.409	0.9207	0.0136	277.07	423.81	146.73	1.2538	1.7028
53.7	14.445	0.9211	0.01356	277.23	423.84	146.61	1.2542	1.7028
53.8	14.48	0.9215	0.01353	277.39	423.88	146.49	1.2547	1.7028
53.9	14.516	0.9219	0.01349	277.55	423.91	146.36	1.2552	1.7027
54	14.552	0.9223	0.01345	277.71	423.95	146.24	1.2557	1.7027
54.1	14.587	0.9227	0.01342	277.87	423.99	146.12	1.2561	1.7027
54.2	14.623	0.9231	0.01338	278.03	424.02	146	1.2566	1.7026
54.3	14.659	0.9236	0.01334	278.19	424.06	145.87	1.2571	1.7026
54.4	14.695	0.924	0.01331	278.34	424.09	145.75	1.2576	1.7025
54.5	14.731	0.9244	0.01327	278.5	424.13	145.63	1.258	1.7025
54.6	14.767	0.9248	0.01323	278.66	424.17	145.5	1.2585	1.7025
54.7	14.803	0.9252	0.0132	278.82	424.2	145.38	1.259	1.7024
54.8	14.839	0.9256	0.01316	278.98	424.24	145.25	1.2595	1.7024
54.9	14.875	0.9261	0.01312	279.14	424.27	145.13	1.26	1.7024
55	14.912	0.9265	0.01309	279.3	424.31	145.01	1.2604	1.7023
55.1	14.948	0.9269	0.01305	279.46	424.34	144.88	1.2609	1.7023
55.2	14.984	0.9273	0.01302	279.62	424.38	144.76	1.2614	1.7022
55.3	15.021	0.9278	0.01298	279.78	424.41	144.63	1.2619	1.7022
55.4	15.057	0.9282	0.01294	279.94	424.45	144.51	1.2623	1.7022
55.5	15.094	0.9286	0.01291	280.1	424.48	144.38	1.2628	1.7021
55.6	15.131	0.929	0.01287	280.26	424.52	144.26	1.2633	1.7021
55.7	15.168	0.9295	0.01284	280.42	424.55	144.13	1.2638	1.7021
55.8	15.204	0.9299	0.0128	280.58	424.59	144.01	1.2642	1.702
55.9	15.241	0.9303	0.01277	280.74	424.62	143.88	1.2647	1.702
56	15.278	0.9308	0.01273	280.9	424.66	143.75	1.2652	1.7019
56.1	15.315	0.9312	0.0127	281.06	424.69	143.63	1.2657	1.7019
56.2	15.352	0.9316	0.01266	281.22	424.72	143.5	1.2661	1.7019
56.3	15.39	0.9321	0.01263	281.38	424.76	143.38	1.2666	1.7018
56.4	15.427	0.9325	0.01259	281.54	424.79	143.25	1.2671	1.7018
56.5	15.464	0.9329	0.01256	281.7	424.83	143.12	1.2676	1.7017
56.6	15.502	0.9334	0.01252	281.86	424.86	143	1.2681	1.7017
56.7	15.539	0.9338	0.01249	282.03	424.89	142.87	1.2685	1.7017
56.8	15.577	0.9342	0.01246	282.19	424.93	142.74	1.269	1.7016
56.9	15.614	0.9347	0.01242	282.35	424.96	142.61	1.2695	1.7016
57	15.652	0.9351	0.01239	282.51	424.99	142.49	1.27	1.7015
57.1	15.689	0.9356	0.01235	282.67	425.03	142.36	1.2704	1.7015
57.2	15.727	0.936	0.01232	282.83	425.06	142.23	1.2709	1.7015
57.3	15.765	0.9365	0.01229	282.99	425.09	142.1	1.2714	1.7014
57.4	15.803	0.9369	0.01225	283.15	425.13	141.97	1.2719	1.7014
57.5	15.841	0.9373	0.01222	283.32	425.16	141.84	1.2724	1.7013
57.6	15.879	0.9378	0.01218	283.48	425.19	141.72	1.2728	1.7013
57.7	15.917	0.9382	0.01215	283.64	425.23	141.59	1.2733	1.7013
57.8	15.955	0.9387	0.01212	283.8	425.26	141.46	1.2738	1.7012
57.9	15.994	0.9391	0.01208	283.96	425.29	141.33	1.2743	1.7012
58	16.032	0.9396	0.01205	284.13	425.32	141.2	1.2747	1.7011
58.1	16.07	0.94	0.01202	284.29	425.36	141.07	1.2752	1.7011
58.2	16.109	0.9405	0.01199	284.45	425.39	140.94	1.2757	1.7011
58.3	16.147	0.9409	0.01195	284.61	425.42	140.81	1.2762	1.701
58.4	16.186	0.9414	0.01192	284.77	425.45	140.68	1.2767	1.701
58.5	16.225	0.9419	0.01189	284.94	425.49	140.55	1.2771	1.7009
58.6	16.264	0.9423	0.01185	285.1	425.52	140.42	1.2776	1.7009
58.7	16.302	0.9428	0.01182	285.26	425.55	140.29	1.2781	1.7008
58.8	16.341	0.9432	0.01179	285.42	425.58	140.16	1.2786	1.7008
58.9	16.38	0.9437	0.01176	285.59	425.61	140.03	1.2791	1.7008
59	16.419	0.9441	0.01172	285.75	425.64	139.89	1.2795	1.7007
59.1	16.458	0.9446	0.01169	285.91	425.68	139.76	1.28	1.7007
59.2	16.498	0.9451	0.01166	286.08	425.71	139.63	1.2805	1.7006
59.3	16.537	0.9455	0.01163	286.24	425.74	139.5	1.281	1.7006
59.4	16.576	0.946	0.0116	286.4	425.77	139.37	1.2815	1.7005
59.5	16.615	0.9465	0.01156	286.57	425.8	139.23	1.2819	1.7005
59.6	16.655	0.9469	0.01153	286.73	425.83	139.1	1.2824	1.7005
59.7	16.694	0.9474	0.0115	286.89	425.86	138.97	1.2829	1.7004
59.8	16.734	0.9479	0.01147	287.06	425.89	138.84	1.2834	1.7004
59.9	16.774	0.9483	0.01144	287.22	425.92	138.7	1.2839	1.7003
60	16.813	0.9488	0.01141	287.39	425.96	138.57	1.2843	1.7003
60.1	16.853	0.9493	0.01137	287.55	425.99	138.44	1.2848	1.7002
60.2	16.893	0.9498	0.01134	287.71	426.02	138.3	1.2853	1.7002
60.3	16.933	0.9502	0.01131	287.88	426.05	138.17	1.2858	1.7001
60.4	16.973	0.9507	0.01128	288.04	426.08	138.03	1.2863	1.7001
60.5	17.013	0.9512	0.01125	288.21	426.11	137.9	1.2867	1.7001
60.6	17.053	0.9517	0.01122	288.37	426.14	137.77	1.2872	1.7
60.7	17.094	0.9521	0.01119	288.54	426.17	137.63	1.2877	1.7
60.8	17.134	0.9526	0.01116	288.7	426.2	137.5	1.2882	1.6999
60.9	17.174	0.9531	0.01113	288.86	426.23	137.36	1.2887	1.6999
61	17.215	0.9536	0.0111	289.03	426.26	137.23	1.2892	1.6998
61.1	17.255	0.9541	0.01107	289.19	426.28	137.09	1.2896	1.6998
61.2	17.296	0.9546	0.01104	289.36	426.31	136.95	1.2901	1.6997
61.3	17.337	0.9551	0.011	289.52	426.34	136.82	1.2906	1.6997
61.4	17.377	0.9555	0.01097	289.69	426.37	136.68	1.2911	1.6996
61.5	17.418	0.956	0.01094	289.86	426.4	136.55	1.2916	1.6996
61.6	17.459	0.9565	0.01091	290.02	426.43	136.41	1.292	1.6995
61.7	17.5	0.957	0.01088	290.19	426.46	136.27	1.2925	1.6995
61.8	17.541	0.9575	0.01085	290.35	426.49	136.14	1.293	1.6994
61.9	17.582	0.958	0.01082	290.52	426.52	136	1.2935	1.6994
62	17.623	0.9585	0.01079	290.68	426.54	135.86	1.294	1.6994
62.1	17.665	0.959	0.01076	290.85	426.57	135.72	1.2945	1.6993
62.2	17.706	0.9595	0.01074	291.02	426.6	135.59	1.2949	1.6993
62.3	17.747	0.96	0.01071	291.18	426.63	135.45	1.2954	1.6992
62.4	17.789	0.9605	0.01068	291.35	426.66	135.31	1.2959	1.6992
62.5	17.83	0.961	0.01065	291.51	426.68	135.17	1.2964	1.6991
62.6	17.872	0.9615	0.01062	291.68	426.71	135.03	1.2969	1.6991
62.7	17.914	0.962	0.01059	291.85	426.74	134.89	1.2974	1.699
62.8	17.955	0.9625	0.01056	292.01	426.77	134.75	1.2978	1.699
62.9	17.997	0.963	0.01053	292.18	426.79	134.61	1.2983	1.6989
63	18.039	0.9635	0.0105	292.35	426.82	134.47	1.2988	1.6989
63.1	18.081	0.964	0.01047	292.51	426.85	134.33	1.2993	1.6988
63.2	18.123	0.9645	0.01044	292.68	426.88	134.19	1.2998	1.6988
63.3	18.165	0.965	0.01041	292.85	426.9	134.05	1.3003	1.6987
63.4	18.207	0.9656	0.01038	293.02	426.93	133.91	1.3008	1.6987
63.5	18.25	0.9661	0.01036	293.18	426.96	133.77	1.3012	1.6986
63.6	18.292	0.9666	0.01033	293.35	426.98	133.63	1.3017	1.6986
63.7	18.334	0.9671	0.0103	293.52	427.01	133.49	1.3022	1.6985
63.8	18.377	0.9676	0.01027	293.69	427.04	133.35	1.3027	1.6985
63.9	18.42	0.9681	0.01024	293.85	427.06	133.21	1.3032	1.6984
64	18.462	0.9687	0.01021	294.02	427.09	133.07	1.3037	1.6983
64.1	18.505	0.9692	0.01019	294.19	427.11	132.92	1.3042	1.6983
64.2	18.548	0.9697	0.01016	294.36	427.14	132.78	1.3046	1.6982
64.3	18.591	0.9702	0.01013	294.53	427.17	132.64	1.3051	1.6982
64.4	18.634	0.9708	0.0101	294.69	427.19	132.5	1.3056	1.6981
64.5	18.677	0.9713	0.01007	294.86	427.22	132.35	1.3061	1.6981
64.6	18.72	0.9718	0.01005	295.03	427.24	132.21	1.3066	1.698
64.7	18.763	0.9723	0.01002	295.2	427.27	132.07	1.3071	1.698
64.8	18.806	0.9729	0.00999	295.37	427.29	131.92	1.3076	1.6979
64.9	18.849	0.9734	0.00996	295.54	427.32	131.78	1.3081	1.6979
65	18.893	0.9739	0.00993	295.71	427.34	131.63	1.3085	1.6978
65.1	18.936	0.9745	0.00991	295.88	427.37	131.49	1.309	1.6978
65.2	18.98	0.975	0.00988	296.05	427.39	131.34	1.3095	1.6977
65.3	19.024	0.9756	0.00985	296.22	427.41	131.2	1.31	1.6976
65.4	19.067	0.9761	0.00982	296.38	427.44	131.05	1.3105	1.6976
65.5	19.111	0.9766	0.0098	296.55	427.46	130.91	1.311	1.6975
65.6	19.155	0.9772	0.00977	296.72	427.49	130.76	1.3115	1.6975
65.7	19.199	0.9777	0.00974	296.89	427.51	130.62	1.312	1.6974
65.8	19.243	0.9783	0.00972	297.06	427.53	130.47	1.3124	1.6974
65.9	19.287	0.9788	0.00969	297.23	427.56	130.32	1.3129	1.6973
66	19.331	0.9794	0.00966	297.4	427.58	130.18	1.3134	1.6973
66.1	19.375	0.9799	0.00964	297.57	427.6	130.03	1.3139	1.6972
66.2	19.42	0.9805	0.00961	297.74	427.63	129.88	1.3144	1.6971
66.3	19.464	0.981	0.00958	297.92	427.65	129.74	1.3149	1.6971
66.4	19.509	0.9816	0.00956	298.09	427.67	129.59	1.3154	1.697
66.5	19.553	0.9821	0.00953	298.26	427.7	129.44	1.3159	1.697
66.6	19.598	0.9827	0.0095	298.43	427.72	129.29	1.3164	1.6969
66.7	19.642	0.9833	0.00948	298.6	427.74	129.14	1.3169	1.6968
66.8	19.687	0.9838	0.00945	298.77	427.76	128.99	1.3173	1.6968
66.9	19.732	0.9844	0.00942	298.94	427.79	128.84	1.3178	1.6967
67	19.777	0.985	0.0094	299.11	427.81	128.7	1.3183	1.6967
67.1	19.822	0.9855	0.00937	299.28	427.83	128.55	1.3188	1.6966
67.2	19.867	0.9861	0.00934	299.46	427.85	128.4	1.3193	1.6966
67.3	19.912	0.9867	0.00932	299.63	427.87	128.25	1.3198	1.6965
67.4	19.958	0.9872	0.00929	299.8	427.89	128.1	1.3203	1.6964
67.5	20.003	0.9878	0.00927	299.97	427.92	127.94	1.3208	1.6964
67.6	20.048	0.9884	0.00924	300.14	427.94	127.79	1.3213	1.6963
67.7	20.094	0.989	0.00921	300.32	427.96	127.64	1.3218	1.6962
67.8	20.139	0.9895	0.00919	300.49	427.98	127.49	1.3223	1.6962
67.9	20.185	0.9901	0.00916	300.66	428	127.34	1.3228	1.6961
68	20.231	0.9907	0.00914	300.83	428.02	127.19	1.3232	1.6961
68.1	20.277	0.9913	0.00911	301.01	428.04	127.03	1.3237	1.696
68.2	20.322	0.9919	0.00909	301.18	428.06	126.88	1.3242	1.6959
68.3	20.368	0.9925	0.00906	301.35	428.08	126.73	1.3247	1.6959
68.4	20.414	0.993	0.00904	301.53	428.1	126.58	1.3252	1.6958
68.5	20.461	0.9936	0.00901	301.7	428.12	126.42	1.3257	1.6957
68.6	20.507	0.9942	0.00898	301.87	428.14	126.27	1.3262	1.6957
68.7	20.553	0.9948	0.00896	302.05	428.16	126.11	1.3267	1.6956
68.8	20.599	0.9954	0.00893	302.22	428.18	125.96	1.3272	1.6955
68.9	20.646	0.996	0.00891	302.39	428.2	125.8	1.3277	1.6955
69	20.692	0.9966	0.00888	302.57	428.22	125.65	1.3282	1.6954
69.1	20.739	0.9972	0.00886	302.74	428.24	125.49	1.3287	1.6954
69.2	20.786	0.9978	0.00883	302.92	428.25	125.34	1.3292	1.6953
69.3	20.832	0.9984	0.00881	303.09	428.27	125.18	1.3297	1.6952
69.4	20.879	0.999	0.00878	303.26	428.29	125.03	1.3302	1.6952
69.5	20.926	0.9996	0.00876	303.44	428.31	124.87	1.3307	1.6951
69.6	20.973	1.0002	0.00874	303.61	428.33	124.71	1.3312	1.695
69.7	21.02	1.0008	0.00871	303.79	428.35	124.56	1.3317	1.695
69.8	21.067	1.0015	0.00869	303.96	428.36	124.4	1.3322	1.6949
69.9	21.115	1.0021	0.00866	304.14	428.38	124.24	1.3326	1.6948
70	21.162	1.0027	0.00864	304.31	428.4	124.08	1.3331	1.6947
70.1	21.209	1.0033	0.00861	304.49	428.42	123.93	1.3336	1.6947
70.2	21.257	1.0039	0.00859	304.66	428.43	123.77	1.3341	1.6946
70.3	21.304	1.0046	0.00856	304.84	428.45	123.61	1.3346	1.6945
70.4	21.352	1.0052	0.00854	305.02	428.47	123.45	1.3351	1.6945
70.5	21.4	1.0058	0.00852	305.19	428.48	123.29	1.3356	1.6944
70.6	21.448	1.0064	0.00849	305.37	428.5	123.13	1.3361	1.6943
70.7	21.495	1.0071	0.00847	305.55	428.51	122.97	1.3366	1.6943
70.8	21.543	1.0077	0.00844	305.72	428.53	122.81	1.3371	1.6942
70.9	21.592	1.0083	0.00842	305.9	428.55	122.65	1.3376	1.6941
71	21.64	1.009	0.0084	306.07	428.56	122.49	1.3381	1.694
71.1	21.688	1.0096	0.00837	306.25	428.58	122.33	1.3386	1.694
71.2	21.736	1.0103	0.00835	306.43	428.59	122.16	1.3391	1.6939
71.3	21.785	1.0109	0.00832	306.61	428.61	122	1.3396	1.6938
71.4	21.833	1.0115	0.0083	306.78	428.62	121.84	1.3401	1.6937
71.5	21.882	1.0122	0.00828	306.96	428.64	121.68	1.3406	1.6937
71.6	21.93	1.0128	0.00825	307.14	428.65	121.51	1.3411	1.6936
71.7	21.979	1.0135	0.00823	307.32	428.67	121.35	1.3416	1.6935
71.8	22.028	1.0141	0.00821	307.49	428.68	121.19	1.3421	1.6934
71.9	22.077	1.0148	0.00818	307.67	428.69	121.02	1.3426	1.6934
72	22.126	1.0155	0.00816	307.85	428.71	120.86	1.3431	1.6933
72.1	22.175	1.0161	0.00814	308.03	428.72	120.69	1.3436	1.6932
72.2	22.224	1.0168	0.00811	308.21	428.74	120.53	1.3441	1.6931
72.3	22.273	1.0174	0.00809	308.39	428.75	120.36	1.3446	1.6931
72.4	22.322	1.0181	0.00807	308.56	428.76	120.2	1.3451	1.693
72.5	22.372	1.0188	0.00804	308.74	428.77	120.03	1.3457	1.6929
72.6	22.421	1.0194	0.00802	308.92	428.79	119.86	1.3462	1.6928
72.7	22.471	1.0201	0.008	309.1	428.8	119.7	1.3467	1.6928
72.8	22.52	1.0208	0.00798	309.28	428.81	119.53	1.3472	1.6927
72.9	22.57	1.0215	0.00795	309.46	428.82	119.36	1.3477	1.6926
73	22.62	1.0222	0.00793	309.64	428.84	119.19	1.3482	1.6925
73.1	22.67	1.0228	0.00791	309.82	428.85	119.03	1.3487	1.6924
73.2	22.72	1.0235	0.00788	310	428.86	118.86	1.3492	1.6924
73.3	22.77	1.0242	0.00786	310.18	428.87	118.69	1.3497	1.6923
73.4	22.82	1.0249	0.00784	310.36	428.88	118.52	1.3502	1.6922
73.5	22.87	1.0256	0.00782	310.54	428.89	118.35	1.3507	1.6921
73.6	22.921	1.0263	0.00779	310.72	428.9	118.18	1.3512	1.692
73.7	22.971	1.027	0.00777	310.9	428.91	118.01	1.3517	1.6919
73.8	23.021	1.0277	0.00775	311.09	428.92	117.84	1.3522	1.6919
73.9	23.072	1.0284	0.00773	311.27	428.93	117.67	1.3527	1.6918
74	23.123	1.0291	0.0077	311.45	428.94	117.49	1.3532	1.6917
74.1	23.173	1.0298	0.00768	311.63	428.95	117.32	1.3537	1.6916
74.2	23.224	1.0305	0.00766	311.81	428.96	117.15	1.3543	1.6915
74.3	23.275	1.0312	0.00764	311.99	428.97	116.98	1.3548	1.6914
74.4	23.326	1.0319	0.00762	312.18	428.98	116.8	1.3553	1.6913
74.5	23.377	1.0326	0.00759	312.36	428.99	116.63	1.3558	1.6913
74.6	23.428	1.0334	0.00757	312.54	429	116.46	1.3563	1.6912
74.7	23.48	1.0341	0.00755	312.72	429.01	116.28	1.3568	1.6911
74.8	23.531	1.0348	0.00753	312.91	429.01	116.11	1.3573	1.691
74.9	23.582	1.0355	0.00751	313.09	429.02	115.93	1.3578	1.6909
75	23.634	1.0363	0.00748	313.27	429.03	115.76	1.3583	1.6908
75.1	23.686	1.037	0.00746	313.46	429.04	115.58	1.3588	1.6907
75.2	23.737	1.0377	0.00744	313.64	429.04	115.4	1.3594	1.6906
75.3	23.789	1.0385	0.00742	313.82	429.05	115.23	1.3599	1.6906
75.4	23.841	1.0392	0.0074	314.01	429.06	115.05	1.3604	1.6905
75.5	23.893	1.04	0.00738	314.19	429.06	114.87	1.3609	1.6904
75.6	23.945	1.0407	0.00735	314.37	429.07	114.7	1.3614	1.6903
75.7	23.997	1.0414	0.00733	314.56	429.08	114.52	1.3619	1.6902
75.8	24.049	1.0422	0.00731	314.74	429.08	114.34	1.3624	1.6901
75.9	24.102	1.0429	0.00729	314.93	429.09	114.16	1.3629	1.69
76	24.154	1.0437	0.00727	315.11	429.09	113.98	1.3635	1.6899
76.1	24.207	1.0445	0.00725	315.3	429.1	113.8	1.364	1.6898
76.2	24.259	1.0452	0.00723	315.48	429.1	113.62	1.3645	1.6897
76.3	24.312	1.046	0.0072	315.67	429.11	113.44	1.365	1.6896
76.4	24.365	1.0468	0.00718	315.86	429.11	113.26	1.3655	1.6895
76.5	24.417	1.0475	0.00716	316.04	429.12	113.07	1.366	1.6894
76.6	24.47	1.0483	0.00714	316.23	429.12	112.89	1.3666	1.6893
76.7	24.523	1.0491	0.00712	316.41	429.12	112.71	1.3671	1.6892
76.8	24.576	1.0499	0.0071	316.6	429.13	112.53	1.3676	1.6891
76.9	24.63	1.0507	0.00708	316.79	429.13	112.34	1.3681	1.689
77	24.683	1.0514	0.00706	316.97	429.13	112.16	1.3686	1.6889
77.1	24.736	1.0522	0.00704	317.16	429.13	111.97	1.3691	1.6888
77.2	24.79	1.053	0.00702	317.35	429.14	111.79	1.3697	1.6887
77.3	24.843	1.0538	0.00699	317.54	429.14	111.6	1.3702	1.6886
77.4	24.897	1.0546	0.00697	317.72	429.14	111.42	1.3707	1.6885
77.5	24.951	1.0554	0.00695	317.91	429.14	111.23	1.3712	1.6884
77.6	25.005	1.0562	0.00693	318.1	429.14	111.04	1.3717	1.6883
77.7	25.059	1.057	0.00691	318.29	429.14	110.86	1.3723	1.6882
77.8	25.113	1.0578	0.00689	318.48	429.15	110.67	1.3728	1.6881
77.9	25.167	1.0587	0.00687	318.67	429.15	110.48	1.3733	1.688
78	25.221	1.0595	0.00685	318.86	429.15	110.29	1.3738	1.6879
78.1	25.275	1.0603	0.00683	319.04	429.15	110.1	1.3743	1.6878
78.2	25.33	1.0611	0.00681	319.23	429.15	109.91	1.3749	1.6877
78.3	25.384	1.062	0.00679	319.42	429.14	109.72	1.3754	1.6876
78.4	25.439	1.0628	0.00677	319.61	429.14	109.53	1.3759	1.6875
78.5	25.493	1.0636	0.00675	319.8	429.14	109.34	1.3764	1.6874
78.6	25.548	1.0645	0.00673	320.01	429.13	109.13	1.377	1.6872
78.7	25.603	1.0653	0.00671	320.2	429.13	108.93	1.3775	1.6871
78.8	25.658	1.0662	0.00669	320.39	429.13	108.74	1.378	1.687
78.9	25.713	1.067	0.00667	320.58	429.13	108.55	1.3786	1.6869
79	25.768	1.0679	0.00665	320.77	429.13	108.36	1.3791	1.6868
79.1	25.823	1.0687	0.00663	320.96	429.12	108.16	1.3796	1.6867
79.2	25.878	1.0696	0.00661	321.15	429.12	107.97	1.3801	1.6866
79.3	25.934	1.0704	0.00659	321.34	429.12	107.77	1.3807	1.6865
79.4	25.989	1.0713	0.00657	321.53	429.11	107.58	1.3812	1.6863
79.5	26.045	1.0722	0.00655	321.73	429.11	107.38	1.3817	1.6862
79.6	26.1	1.0731	0.00653	321.92	429.11	107.19	1.3823	1.6861
79.7	26.156	1.0739	0.00651	322.11	429.1	106.99	1.3828	1.686
79.8	26.212	1.0748	0.00649	322.3	429.1	106.79	1.3833	1.6859
79.9	26.268	1.0757	0.00647	322.49	429.09	106.6	1.3838	1.6858
80	26.324	1.0766	0.00645	322.69	429.09	106.4	1.3844	1.6857
80.1	26.38	1.0775	0.00643	322.88	429.08	106.2	1.3849	1.6855
80.2	26.437	1.0784	0.00641	323.07	429.07	106	1.3854	1.6854
80.3	26.493	1.0793	0.00639	323.27	429.07	105.8	1.386	1.6853
80.4	26.549	1.0802	0.00637	323.46	429.06	105.6	1.3865	1.6852
80.5	26.606	1.0811	0.00635	323.66	429.05	105.4	1.387	1.6851
80.6	26.662	1.082	0.00633	323.85	429.05	105.2	1.3876	1.6849
80.7	26.719	1.0829	0.00631	324.04	429.04	104.99	1.3881	1.6848
80.8	26.776	1.0839	0.00629	324.24	429.03	104.79	1.3886	1.6847
80.9	26.833	1.0848	0.00627	324.43	429.02	104.59	1.3892	1.6846
81	26.89	1.0857	0.00625	324.63	429.01	104.38	1.3897	1.6844
81.1	26.947	1.0867	0.00623	324.82	429	104.18	1.3902	1.6843
81.2	27.004	1.0876	0.00621	325.02	428.99	103.97	1.3908	1.6842
81.3	27.061	1.0886	0.00619	325.22	428.99	103.77	1.3913	1.6841
81.4	27.119	1.0895	0.00618	325.41	428.98	103.56	1.3918	1.6839
81.5	27.176	1.0905	0.00616	325.61	428.96	103.36	1.3924	1.6838
81.6	27.234	1.0914	0.00614	325.81	428.95	103.15	1.3929	1.6837
81.7	27.292	1.0924	0.00612	326	428.94	102.94	1.3934	1.6835
81.8	27.349	1.0934	0.0061	326.2	428.93	102.73	1.394	1.6834
81.9	27.407	1.0943	0.00608	326.4	428.92	102.52	1.3945	1.6833
82	27.465	1.0953	0.00606	326.6	428.91	102.31	1.3951	1.6831
82.1	27.523	1.0963	0.00604	326.79	428.89	102.1	1.3956	1.683
82.2	27.581	1.0973	0.00602	326.99	428.88	101.89	1.3961	1.6829
82.3	27.64	1.0983	0.006	327.19	428.87	101.68	1.3967	1.6827
82.4	27.698	1.0993	0.00598	327.4	428.85	101.44	1.3973	1.6826
82.5	27.756	1.1003	0.00597	327.6	428.83	101.23	1.3978	1.6824
82.6	27.815	1.1013	0.00595	327.8	428.82	101.01	1.3983	1.6823
82.7	27.874	1.1023	0.00593	328	428.8	100.8	1.3989	1.6822
82.8	27.932	1.1033	0.00591	328.21	428.79	100.58	1.3994	1.682
82.9	27.991	1.1043	0.00589	328.41	428.77	100.36	1.4	1.6819
83	28.05	1.1054	0.00587	328.61	428.75	100.14	1.4005	1.6817
83.1	28.109	1.1064	0.00585	328.81	428.74	99.93	1.4011	1.6816
83.2	28.168	1.1074	0.00583	329.01	428.72	99.71	1.4016	1.6814
83.3	28.228	1.1085	0.00582	329.22	428.7	99.49	1.4022	1.6813
83.4	28.287	1.1095	0.0058	329.42	428.68	99.26	1.4027	1.6811
83.5	28.346	1.1106	0.00578	329.62	428.66	99.04	1.4033	1.681
83.6	28.406	1.1116	0.00576	329.82	428.65	98.82	1.4038	1.6808
83.7	28.466	1.1127	0.00574	330.03	428.63	98.6	1.4044	1.6807
83.8	28.525	1.1138	0.00572	330.23	428.61	98.37	1.4049	1.6805
83.9	28.585	1.1149	0.0057	330.44	428.59	98.15	1.4055	1.6804
84	28.645	1.1159	0.00569	330.64	428.56	97.92	1.4061	1.6802
84.1	28.705	1.117	0.00567	330.85	428.54	97.7	1.4066	1.6801
84.2	28.765	1.1181	0.00565	331.05	428.52	97.47	1.4072	1.6799
84.3	28.826	1.1192	0.00563	331.26	428.5	97.24	1.4077	1.6798
84.4	28.886	1.1203	0.00561	331.46	428.48	97.01	1.4083	1.6796
84.5	28.946	1.1215	0.00559	331.67	428.45	96.78	1.4088	1.6794
84.6	29.007	1.1226	0.00558	331.88	428.43	96.55	1.4094	1.6793
84.7	29.068	1.1237	0.00556	332.08	428.41	96.32	1.41	1.6791
84.8	29.128	1.1248	0.00554	332.29	428.38	96.09	1.4105	1.679
84.9	29.189	1.126	0.00552	332.5	428.36	95.86	1.4111	1.6788
85	29.25	1.1271	0.0055	332.71	428.33	95.62	1.4116	1.6786
85.1	29.311	1.1283	0.00548	332.92	428.3	95.39	1.4122	1.6785
85.2	29.372	1.1294	0.00547	333.13	428.28	95.15	1.4128	1.6783
85.3	29.434	1.1306	0.00545	333.33	428.25	94.92	1.4133	1.6781
85.4	29.495	1.1318	0.00543	333.54	428.22	94.68	1.4139	1.678
85.5	29.557	1.133	0.00541	333.75	428.19	94.44	1.4145	1.6778
85.6	29.618	1.1341	0.00539	333.96	428.17	94.2	1.415	1.6776
85.7	29.68	1.1353	0.00538	334.18	428.14	93.96	1.4156	1.6774
85.8	29.742	1.1365	0.00536	334.39	428.11	93.72	1.4162	1.6773
85.9	29.804	1.1377	0.00534	334.6	428.08	93.48	1.4167	1.6771
86	29.866	1.139	0.00532	334.81	428.05	93.24	1.4173	1.6769
86.1	29.928	1.1402	0.0053	335.02	428.01	92.99	1.4179	1.6767
86.2	29.99	1.1414	0.00529	335.24	427.98	92.75	1.4184	1.6765
86.3	30.052	1.1426	0.00527	335.45	427.95	92.5	1.419	1.6764
86.4	30.115	1.1439	0.00525	335.66	427.92	92.26	1.4196	1.6762
86.5	30.177	1.1451	0.00523	335.88	427.88	92.01	1.4202	1.676
86.6	30.24	1.1464	0.00521	336.09	427.85	91.76	1.4207	1.6758
86.7	30.303	1.1477	0.0052	336.31	427.81	91.51	1.4213	1.6756
86.8	30.365	1.149	0.00518	336.52	427.78	91.26	1.4219	1.6754
86.9	30.428	1.1502	0.00516	336.74	427.74	91.01	1.4225	1.6752
87	30.491	1.1515	0.00514	336.95	427.71	90.75	1.4231	1.6751
87.1	30.555	1.1528	0.00513	337.17	427.67	90.5	1.4236	1.6749
87.2	30.618	1.1541	0.00511	337.39	427.63	90.25	1.4242	1.6747
87.3	30.681	1.1555	0.00509	337.6	427.59	89.99	1.4248	1.6745
87.4	30.745	1.1568	0.00507	337.82	427.55	89.73	1.4254	1.6743
87.5	30.808	1.1581	0.00506	338.04	427.51	89.48	1.426	1.6741
87.6	30.872	1.1595	0.00504	338.26	427.47	89.22	1.4266	1.6739
87.7	30.936	1.1608	0.00502	338.48	427.43	88.96	1.4271	1.6737
87.8	31	1.1622	0.005	338.7	427.39	88.7	1.4277	1.6735
87.9	31.064	1.1636	0.00498	338.92	427.35	88.43	1.4283	1.6733
88	31.128	1.1649	0.00497	339.14	427.31	88.17	1.4289	1.6731
88.1	31.192	1.1663	0.00495	339.36	427.26	87.9	1.4295	1.6728
88.2	31.257	1.1677	0.00493	339.58	427.22	87.64	1.4301	1.6726
88.3	31.321	1.1692	0.00491	339.8	427.17	87.37	1.4307	1.6724
88.4	31.386	1.1706	0.0049	340.02	427.13	87.1	1.4313	1.6722
88.5	31.451	1.172	0.00488	340.25	427.08	86.83	1.4319	1.672
88.6	31.515	1.1735	0.00486	340.47	427.03	86.56	1.4325	1.6718
88.7	31.58	1.1749	0.00484	340.7	426.99	86.29	1.4331	1.6715
88.8	31.645	1.1764	0.00483	340.92	426.94	86.02	1.4337	1.6713
88.9	31.711	1.1778	0.00481	341.15	426.89	85.74	1.4343	1.6711
89	31.776	1.1793	0.00479	341.37	426.84	85.46	1.4349	1.6709
89.1	31.841	1.1808	0.00477	341.6	426.79	85.19	1.4355	1.6707
89.2	31.907	1.1823	0.00476	341.82	426.73	84.91	1.4361	1.6704
89.3	31.972	1.1839	0.00474	342.05	426.68	84.63	1.4367	1.6702
89.4	32.038	1.1854	0.00472	342.28	426.63	84.35	1.4373	1.67
89.5	32.104	1.1869	0.0047	342.51	426.57	84.06	1.4379	1.6697
89.6	32.17	1.1885	0.00469	342.74	426.52	83.78	1.4385	1.6695
89.7	32.236	1.1901	0.00467	342.97	426.46	83.49	1.4391	1.6692
89.8	32.302	1.1916	0.00465	343.2	426.4	83.21	1.4398	1.669
89.9	32.368	1.1932	0.00464	343.43	426.35	82.92	1.4404	1.6688
90	32.435	1.1948	0.00462	343.66	426.29	82.63	1.441	1.6685
90.1	32.501	1.1964	0.0046	343.89	426.23	82.34	1.4416	1.6683
90.2	32.568	1.1981	0.00458	344.13	426.17	82.04	1.4422	1.668
90.3	32.635	1.1997	0.00457	344.36	426.11	81.75	1.4428	1.6678
90.4	32.701	1.2014	0.00455	344.59	426.04	81.45	1.4435	1.6675
90.5	32.768	1.2031	0.00453	344.83	425.98	81.15	1.4441	1.6672
90.6	32.836	1.2047	0.00451	345.06	425.92	80.85	1.4447	1.667
90.7	32.903	1.2064	0.0045	345.3	425.85	80.55	1.4453	1.6667
90.8	32.97	1.2082	0.00448	345.54	425.79	80.25	1.446	1.6665
90.9	33.038	1.2099	0.00446	345.78	425.72	79.94	1.4466	1.6662
91	33.105	1.2116	0.00444	346.01	425.65	79.64	1.4472	1.6659
91.1	33.173	1.2134	0.00443	346.25	425.58	79.33	1.4479	1.6656
91.2	33.241	1.2152	0.00441	346.49	425.51	79.02	1.4485	1.6654
91.3	33.309	1.217	0.00439	346.73	425.44	78.71	1.4491	1.6651
91.4	33.377	1.2188	0.00438	346.97	425.37	78.39	1.4498	1.6648
91.5	33.445	1.2206	0.00436	347.22	425.29	78.08	1.4504	1.6645
91.6	33.513	1.2224	0.00434	347.46	425.22	77.76	1.4511	1.6642
91.7	33.582	1.2243	0.00432	347.7	425.14	77.44	1.4517	1.664
91.8	33.65	1.2262	0.00431	347.95	425.06	77.12	1.4524	1.6637
91.9	33.719	1.2281	0.00429	348.19	424.99	76.79	1.453	1.6634
92	33.788	1.23	0.00427	348.44	424.91	76.47	1.4537	1.6631
92.1	33.856	1.2319	0.00425	348.69	424.83	76.14	1.4543	1.6628
92.2	33.925	1.2339	0.00424	348.93	424.74	75.81	1.455	1.6625
92.3	33.995	1.2359	0.00422	349.18	424.66	75.48	1.4556	1.6622
92.4	34.064	1.2378	0.0042	349.43	424.58	75.15	1.4563	1.6618
92.5	34.133	1.2399	0.00419	349.68	424.49	74.81	1.4569	1.6615
92.6	34.203	1.2419	0.00417	349.93	424.4	74.47	1.4576	1.6612
92.7	34.272	1.2439	0.00415	350.19	424.31	74.13	1.4583	1.6609
92.8	34.342	1.246	0.00413	350.44	424.22	73.79	1.4589	1.6606
92.9	34.412	1.2481	0.00412	350.69	424.13	73.44	1.4596	1.6602
93	34.482	1.2502	0.0041	350.95	424.04	73.09	1.4603	1.6599
93.1	34.552	1.2524	0.00408	351.2	423.95	72.74	1.461	1.6596
93.2	34.623	1.2545	0.00406	351.46	423.85	72.39	1.4616	1.6592
93.3	34.693	1.2567	0.00405	351.72	423.75	72.03	1.4623	1.6589
93.4	34.764	1.2589	0.00403	351.98	423.65	71.67	1.463	1.6585
93.5	34.834	1.2612	0.00401	352.24	423.55	71.31	1.4637	1.6582
93.6	34.905	1.2635	0.00399	352.5	423.45	70.95	1.4644	1.6578
93.7	34.976	1.2657	0.00398	352.77	423.35	70.58	1.4651	1.6575
93.8	35.047	1.2681	0.00396	353.03	423.24	70.21	1.4658	1.6571
93.9	35.118	1.2704	0.00394	353.29	423.13	69.84	1.4665	1.6567
94	35.19	1.2728	0.00392	353.56	423.03	69.46	1.4672	1.6564
94.1	35.261	1.2752	0.00391	353.83	422.91	69.09	1.4679	1.656
94.2	35.333	1.2776	0.00389	354.1	422.8	68.7	1.4686	1.6556
94.3	35.404	1.2801	0.00387	354.37	422.69	68.32	1.4693	1.6552
94.4	35.476	1.2826	0.00385	354.64	422.57	67.93	1.47	1.6548
94.5	35.548	1.2851	0.00383	354.91	422.45	67.54	1.4707	1.6544
94.6	35.62	1.2877	0.00382	355.19	422.33	67.15	1.4714	1.654
94.7	35.692	1.2903	0.0038	355.46	422.21	66.75	1.4722	1.6536
94.8	35.765	1.2929	0.00378	355.74	422.08	66.34	1.4729	1.6532
94.9	35.837	1.2956	0.00376	356.02	421.96	65.94	1.4736	1.6528
95	35.91	1.2983	0.00375	356.3	421.83	65.53	1.4744	1.6524
95.1	35.983	1.301	0.00373	356.58	421.7	65.12	1.4751	1.6519
95.2	36.056	1.3038	0.00371	356.86	421.56	64.7	1.4758	1.6515
95.3	36.129	1.3067	0.00369	357.15	421.43	64.28	1.4766	1.651
95.4	36.202	1.3095	0.00367	357.45	421.27	63.83	1.4774	1.6506
95.5	36.275	1.3124	0.00365	357.73	421.13	63.4	1.4781	1.6501
95.6	36.349	1.3154	0.00364	358.03	420.99	62.96	1.4789	1.6496
95.7	36.423	1.3184	0.00362	358.32	420.84	62.52	1.4797	1.6492
95.8	36.496	1.3214	0.0036	358.61	420.69	62.08	1.4804	1.6487
95.9	36.57	1.3245	0.00358	358.91	420.54	61.62	1.4812	1.6482
96	36.644	1.3277	0.00356	359.21	420.38	61.17	1.482	1.6477
96.1	36.719	1.3309	0.00354	359.51	420.22	60.71	1.4828	1.6472
96.2	36.793	1.3341	0.00352	359.81	420.06	60.24	1.4836	1.6467
96.3	36.868	1.3375	0.00351	360.12	419.89	59.77	1.4844	1.6462
96.4	36.942	1.3408	0.00349	360.43	419.72	59.29	1.4852	1.6456
96.5	37.017	1.3443	0.00347	360.74	419.55	58.81	1.486	1.6451
96.6	37.092	1.3478	0.00345	361.05	419.37	58.32	1.4868	1.6445
96.7	37.167	1.3513	0.00343	361.37	419.19	57.82	1.4876	1.644
96.8	37.242	1.3549	0.00341	361.69	419.01	57.32	1.4885	1.6434
96.9	37.318	1.3586	0.00339	362.01	418.82	56.81	1.4893	1.6428
97	37.393	1.3624	0.00337	362.33	418.62	56.29	1.4902	1.6422
97.1	37.469	1.3663	0.00335	362.66	418.43	55.77	1.491	1.6416
97.2	37.545	1.3702	0.00333	362.99	418.22	55.23	1.4919	1.641
97.3	37.621	1.3742	0.00331	363.32	418.02	54.69	1.4928	1.6404
97.4	37.697	1.3783	0.00329	363.66	417.8	54.14	1.4936	1.6398
97.5	37.774	1.3825	0.00327	364	417.59	53.58	1.4945	1.6391
97.6	37.85	1.3868	0.00325	364.35	417.37	53.02	1.4954	1.6384
97.7	37.927	1.3912	0.00323	364.7	417.14	52.44	1.4963	1.6378
97.8	38.004	1.3957	0.00321	365.05	416.9	51.85	1.4973	1.6371
97.9	38.081	1.4004	0.00319	365.41	416.66	51.25	1.4982	1.6363
98	38.158	1.4051	0.00317	365.77	416.41	50.64	1.4992	1.6356
98.1	38.236	1.41	0.00315	366.14	416.16	50.02	1.5001	1.6349
98.2	38.313	1.415	0.00313	366.51	415.9	49.39	1.5011	1.6341
98.3	38.391	1.4201	0.00311	366.89	415.63	48.74	1.5021	1.6333
98.4	38.469	1.4254	0.00308	367.27	415.35	48.08	1.5031	1.6325
98.5	38.547	1.4308	0.00306	367.66	415.07	47.41	1.5041	1.6316
98.6	38.625	1.4365	0.00304	368.06	414.77	46.71	1.5051	1.6308
98.7	38.704	1.4423	0.00302	368.46	414.46	46.01	1.5062	1.6299
98.8	38.782	1.4483	0.00299	368.87	414.15	45.28	1.5073	1.629
98.9	38.861	1.4545	0.00297	369.29	413.82	44.53	1.5084	1.6281
99	38.94	1.461	0.00295	369.72	413.48	43.77	1.5095	1.6271
99.1	39.02	1.4677	0.00292	370.15	413.13	42.98	1.5106	1.6261
99.2	39.099	1.4746	0.0029	370.6	412.77	42.17	1.5118	1.625
99.3	39.179	1.4819	0.00287	371.06	412.39	41.33	1.513	1.6239
99.4	39.259	1.4895	0.00285	371.53	411.97	40.44	1.5142	1.6228
99.5	39.339	1.4974	0.00282	372.02	411.56	39.54	1.5155	1.6216
99.6	39.419	1.5058	0.00279	372.52	411.12	38.6	1.5168	1.6204
99.7	39.499	1.5146	0.00277	373.03	410.66	37.62	1.5182	1.6191
99.8	39.58	1.5239	0.00274	373.57	410.17	36.6	1.5196	1.6177
99.9	39.661	1.5337	0.00271	374.12	409.65	35.53	1.521	1.6162
100	39.742	1.5443	0.00268	374.7	409.1	34.4	1.5225	1.6147
100.1	39.824	1.5555	0.00265	375.31	408.52	33.2	1.5241	1.6131
100.2	39.906	1.5677	0.00261	375.95	407.89	31.93	1.5258	1.6113
100.3	39.988	1.581	0.00258	376.63	407.21	30.57	1.5276	1.6095
100.4	40.07	1.5955	0.00254	377.36	406.46	29.1	1.5295	1.6074
100.5	40.153	1.6117	0.0025	378.15	405.64	27.49	1.5316	1.6052
100.6	40.235	1.6301	0.00246	379.02	404.7	25.68	1.5339	1.6026
100.7	40.319	1.6513	0.00241	380	403.63	23.64	1.5365	1.5997
100.8	40.402	1.677	0.00236	381.13	402.37	21.25	1.5394	1.5963
100.9	40.486	1.7097	0.00229	382.51	400.79	18.28	1.5431	1.592
101	40.57	1.7576	0.00221	384.42	398.59	14.18	1.5482	1.5861
								
"Copyright © 1999 Dep. of Energy Engineering, DTU"								
M.J. Skovrup & H.J.H Knudsen 19-10-23								
